0|(-7.444484, 2.34438, 36.4873)|move
-1|(-7.454863, 2.34438, 36.40798)|move
-1|(-7.465242, 2.34438, 36.32866)|move
-1|(-7.475622, 2.34438, 36.24933)|move
-1|(-7.486001, 2.34438, 36.17001)|move
-1|(-7.49638, 2.34438, 36.09069)|move
-1|(-7.50676, 2.34438, 36.01136)|move
-1|(-7.517139, 2.34438, 35.93204)|move
-1|(-7.527518, 2.34438, 35.85272)|move
-1|(-7.537898, 2.34438, 35.7734)|move
-1|(-7.548277, 2.34438, 35.69407)|move
-1|(-7.558656, 2.34438, 35.61475)|move
-1|(-7.569036, 2.34438, 35.53543)|move
-1|(-7.579415, 2.34438, 35.4561)|move
-1|(-7.589794, 2.34438, 35.37678)|move
-1|(-7.600174, 2.34438, 35.29746)|move
-1|(-7.610553, 2.34438, 35.21814)|move
-1|(-7.620933, 2.34438, 35.13881)|move
-1|(-7.631312, 2.34438, 35.05949)|move
-1|(-7.641691, 2.34438, 34.98017)|move
-1|(-7.652071, 2.34438, 34.90084)|move
-1|(-7.66245, 2.34438, 34.82152)|move
-1|(-7.67283, 2.34438, 34.7422)|move
-1|(-7.679411, 2.34438, 34.6919)|move
-1|(-7.689791, 2.34438, 34.61258)|move
-1|(-7.700171, 2.34438, 34.53325)|move
-1|(-7.71055, 2.34438, 34.45393)|move
-1|(-7.720929, 2.34438, 34.37461)|move
-1|(-7.731309, 2.34438, 34.29528)|move
-1|(-7.741688, 2.34438, 34.21596)|move
-1|(-7.752068, 2.34438, 34.13664)|move
-1|(-7.762447, 2.34438, 34.05732)|move
-1|(-7.772827, 2.34438, 33.97799)|move
-1|(-7.783206, 2.34438, 33.89867)|move
-1|(-7.793585, 2.34438, 33.81935)|move
-1|(-7.803965, 2.34438, 33.74002)|move
-1|(-7.814344, 2.34438, 33.6607)|move
-1|(-7.824724, 2.34438, 33.58138)|move
-1|(-7.835103, 2.34438, 33.50206)|move
-1|(-7.845482, 2.34438, 33.42273)|move
-1|(-7.855862, 2.34438, 33.34341)|move
-1|(-7.857428, 2.34438, 33.33144)|move
-1|(-7.865369, 2.34438, 33.27075)|move
-1|(-7.875749, 2.34438, 33.19143)|move
-1|(-7.886128, 2.34438, 33.11211)|move
-1|(-7.896507, 2.34438, 33.03278)|move
-1|(-7.906887, 2.34438, 32.95346)|move
-1|(-7.917266, 2.34438, 32.87414)|move
-1|(-7.927646, 2.34438, 32.79482)|move
-1|(-7.938025, 2.34438, 32.71549)|move
-1|(-7.948405, 2.34438, 32.63617)|move
-1|(-7.958784, 2.34438, 32.55685)|move
-1|(-7.969163, 2.34438, 32.47752)|move
-1|(-7.979543, 2.34438, 32.3982)|move
-1|(-7.986923, 2.34438, 32.3418)|move
-1|(-7.997302, 2.34438, 32.26248)|move
-1|(-8.007682, 2.34438, 32.18316)|move
-1|(-8.018062, 2.34438, 32.10383)|move
-1|(-8.028441, 2.34438, 32.02451)|move
-1|(-8.038821, 2.34438, 31.94518)|move
-1|(-8.049201, 2.34438, 31.86586)|move
-1|(-8.059581, 2.34438, 31.78654)|move
-1|(-8.06996, 2.34438, 31.70721)|move
-1|(-8.080339, 2.34438, 31.62789)|move
-1|(-8.090719, 2.34438, 31.54856)|move
-1|(-8.101098, 2.34438, 31.46924)|move
-1|(-8.111478, 2.34438, 31.38991)|move
-1|(-8.121857, 2.34438, 31.31059)|move
-1|(-8.127069, 2.34438, 31.27075)|move
-1|(-8.137449, 2.34438, 31.19143)|move
-1|(-8.147829, 2.34438, 31.1121)|move
-1|(-8.158209, 2.34438, 31.03278)|move
-1|(-8.168589, 2.34438, 30.95345)|move
-1|(-8.178968, 2.34438, 30.87413)|move
-1|(-8.189347, 2.34438, 30.7948)|move
-1|(-8.199727, 2.34438, 30.71548)|move
-1|(-8.210106, 2.34438, 30.63615)|move
-1|(-8.214326, 2.34438, 30.60391)|move
-1|(-8.224706, 2.34438, 30.52458)|move
-1|(-8.235085, 2.34438, 30.44526)|move
-1|(-8.245465, 2.34438, 30.36593)|move
-1|(-8.255845, 2.34438, 30.28661)|move
-1|(-8.266225, 2.34438, 30.20728)|move
-1|(-8.276605, 2.34438, 30.12796)|move
-1|(-8.286984, 2.34438, 30.04863)|move
-1|(-8.297364, 2.34438, 29.96931)|move
-1|(-8.307744, 2.34438, 29.88998)|move
-1|(-8.318123, 2.34438, 29.81066)|move
-1|(-8.323345, 2.34438, 29.77075)|move
-1|(-8.333725, 2.34438, 29.69143)|move
-1|(-8.344105, 2.34438, 29.6121)|move
-1|(-8.354485, 2.34438, 29.53278)|move
-1|(-8.364864, 2.34438, 29.45345)|move
-1|(-8.375244, 2.34438, 29.37413)|move
-1|(-8.385624, 2.34438, 29.2948)|move
-1|(-8.396004, 2.34438, 29.21548)|move
-1|(-8.406384, 2.34438, 29.13615)|move
-1|(-8.416763, 2.34438, 29.05683)|move
-1|(-8.427143, 2.34438, 28.9775)|move
-1|(-8.437522, 2.34438, 28.89818)|move
-1|(-8.447902, 2.34438, 28.81886)|move
-1|(-8.458281, 2.34438, 28.73953)|move
-1|(-8.46866, 2.34438, 28.66021)|move
-1|(-8.47904, 2.34438, 28.58088)|move
-1|(-8.489419, 2.34438, 28.50156)|move
-1|(-8.499799, 2.34438, 28.42223)|move
-1|(-8.510179, 2.34438, 28.34291)|move
-1|(-8.52046, 2.34438, 28.26433)|move
-1|(-8.53084, 2.34438, 28.185)|move
-1|(-8.54122, 2.34438, 28.10568)|move
-1|(-8.5516, 2.34438, 28.02635)|move
-1|(-8.561979, 2.34438, 27.94703)|move
-1|(-8.572359, 2.34438, 27.8677)|move
-1|(-8.582738, 2.34438, 27.78838)|move
-1|(-8.585045, 2.34438, 27.77075)|move
-1|(-8.595424, 2.34438, 27.69143)|move
-1|(-8.605803, 2.34438, 27.6121)|move
-1|(-8.616183, 2.34438, 27.53278)|move
-1|(-8.620764, 2.34438, 27.49777)|move
-1|(-8.631144, 2.34438, 27.41845)|move
-1|(-8.641523, 2.34438, 27.33912)|move
-1|(-8.651903, 2.34438, 27.2598)|move
-1|(-8.662283, 2.34438, 27.18047)|move
-1|(-8.672663, 2.34438, 27.10115)|move
-1|(-8.683043, 2.34438, 27.02182)|move
-1|(-8.693422, 2.34438, 26.9425)|move
-1|(-8.703802, 2.34438, 26.86317)|move
-1|(-8.714182, 2.34438, 26.78385)|move
-1|(-8.724562, 2.34438, 26.70452)|move
-1|(-8.734941, 2.34438, 26.6252)|move
-1|(-8.745321, 2.34438, 26.54587)|move
-1|(-8.755701, 2.34438, 26.46655)|move
-1|(-8.766081, 2.34438, 26.38722)|move
-1|(-8.776461, 2.34438, 26.3079)|move
-1|(-8.786839, 2.34438, 26.22857)|move
-1|(-8.797219, 2.34438, 26.14925)|move
-1|(-8.807598, 2.34438, 26.06993)|move
-1|(-8.810563, 2.34438, 26.04727)|move
-1|(-8.820943, 2.34438, 25.96795)|move
-1|(-8.831323, 2.34438, 25.88862)|move
-1|(-8.841301, 2.34438, 25.81237)|move
-1|(-8.851681, 2.34438, 25.73304)|move
-1|(-8.862061, 2.34438, 25.65372)|move
-1|(-8.87244, 2.34438, 25.57439)|move
-1|(-8.88282, 2.34438, 25.49507)|move
-1|(-8.8932, 2.34438, 25.41574)|move
-1|(-8.90358, 2.34438, 25.33642)|move
-1|(-8.91396, 2.34438, 25.25709)|move
-1|(-8.924339, 2.34438, 25.17777)|move
-1|(-8.934719, 2.34438, 25.09844)|move
-1|(-8.945099, 2.34438, 25.01912)|move
-1|(-8.955479, 2.34438, 24.93979)|move
-1|(-8.965858, 2.34438, 24.86047)|move
-1|(-8.976238, 2.34438, 24.78115)|move
-1|(-8.986618, 2.34438, 24.70182)|move
-1|(-8.996998, 2.34438, 24.6225)|move
-1|(-9.007377, 2.34438, 24.54317)|move
-1|(-9.017756, 2.34438, 24.46385)|move
-1|(-9.028135, 2.34438, 24.38452)|move
-1|(-9.038515, 2.34438, 24.3052)|move
-1|(-9.048895, 2.34438, 24.22587)|move
-1|(-9.059274, 2.34438, 24.14655)|move
-1|(-9.069654, 2.34438, 24.06722)|move
-1|(-9.075734, 2.34438, 24.02075)|move
-1|(-9.155076, 2.34438, 24.01052)|move
-1|(-9.234418, 2.34438, 24.00028)|move
-1|(-9.31376, 2.34438, 23.99004)|move
-1|(-9.393102, 2.34438, 23.9798)|move
-1|(-9.472444, 2.34438, 23.96957)|move
-1|(-9.551785, 2.34438, 23.95933)|move
-1|(-9.631127, 2.34438, 23.94909)|move
-1|(-9.710469, 2.34438, 23.93885)|move
-1|(-9.789811, 2.34438, 23.92862)|move
-1|(-9.869153, 2.34438, 23.91838)|move
-1|(-9.948495, 2.34438, 23.90814)|move
-1|(-10.02784, 2.34438, 23.8979)|move
-1|(-10.10718, 2.34438, 23.88766)|move
-1|(-10.18652, 2.34438, 23.87743)|move
-1|(-10.26586, 2.34438, 23.86719)|move
-1|(-10.3452, 2.34438, 23.85695)|move
-1|(-10.42455, 2.34438, 23.84671)|move
-1|(-10.50389, 2.34438, 23.83648)|move
-1|(-10.58323, 2.34438, 23.82624)|move
-1|(-10.66257, 2.34438, 23.816)|move
-1|(-10.74191, 2.34438, 23.80576)|move
-1|(-10.82126, 2.34438, 23.79553)|move
-1|(-10.9006, 2.34438, 23.78529)|move
-1|(-10.97994, 2.34438, 23.77505)|move
-1|(-11.05928, 2.34438, 23.76481)|move
-1|(-11.0694, 2.34438, 23.76351)|move
-1|(-11.07573, 2.34438, 23.76269)|move
-1|(-11.08369, 2.34438, 23.76166)|move
-1|(-11.16303, 2.34438, 23.75142)|move
-1|(-11.24237, 2.34438, 23.74119)|move
-1|(-11.32171, 2.34438, 23.73095)|move
-1|(-11.40106, 2.34438, 23.72071)|move
-1|(-11.4804, 2.34438, 23.71047)|move
-1|(-11.55974, 2.34438, 23.70024)|move
-1|(-11.63908, 2.34438, 23.69)|move
-1|(-11.71842, 2.34438, 23.67976)|move
-1|(-11.79777, 2.34438, 23.66952)|move
-1|(-11.87711, 2.34438, 23.65928)|move
-1|(-11.95645, 2.34438, 23.64905)|move
-1|(-12.03579, 2.34438, 23.63881)|move
-1|(-12.11513, 2.34438, 23.62857)|move
-1|(-12.19448, 2.34438, 23.61833)|move
-1|(-12.27382, 2.34438, 23.6081)|move
-1|(-12.35316, 2.34438, 23.59786)|move
-1|(-12.4325, 2.34438, 23.58762)|move
-1|(-12.51184, 2.34438, 23.57738)|move
-1|(-12.59118, 2.34438, 23.56715)|move
-1|(-12.67053, 2.34438, 23.55691)|move
-1|(-12.74987, 2.34438, 23.54667)|move
-1|(-12.82921, 2.34438, 23.53643)|move
-1|(-12.90855, 2.34438, 23.5262)|move
-1|(-12.98789, 2.34438, 23.51596)|move
-1|(-13.0192, 2.34438, 23.51192)|move
-1|(-13.09854, 2.34438, 23.50168)|move
-1|(-13.17788, 2.34438, 23.49144)|move
-1|(-13.25722, 2.34438, 23.4812)|move
-1|(-13.33657, 2.34438, 23.47097)|move
-1|(-13.41591, 2.34438, 23.46073)|move
-1|(-13.49525, 2.34438, 23.45049)|move
-1|(-13.57459, 2.34438, 23.44025)|move
-1|(-13.65393, 2.34438, 23.43002)|move
-1|(-13.73327, 2.34438, 23.41978)|move
-1|(-13.81262, 2.34438, 23.40954)|move
-1|(-13.89196, 2.34438, 23.3993)|move
-1|(-13.9713, 2.34438, 23.38907)|move
-1|(-14.05064, 2.34438, 23.37883)|move
-1|(-14.12998, 2.34438, 23.36859)|move
-1|(-14.20933, 2.34438, 23.35835)|move
-1|(-14.28867, 2.34438, 23.34812)|move
-1|(-14.36801, 2.34438, 23.33788)|move
-1|(-14.44735, 2.34438, 23.32764)|move
-1|(-14.52669, 2.34438, 23.3174)|move
-1|(-14.60604, 2.34438, 23.30717)|move
-1|(-14.68538, 2.34438, 23.29693)|move
-1|(-14.76472, 2.34438, 23.28669)|move
-1|(-14.84406, 2.34438, 23.27645)|move
-1|(-14.9234, 2.34438, 23.26621)|move
-1|(-15.00274, 2.34438, 23.25598)|move
-1|(-15.08209, 2.34438, 23.24574)|move
-1|(-15.16143, 2.34438, 23.2355)|move
-1|(-15.24077, 2.34438, 23.22526)|move
-1|(-15.32011, 2.34438, 23.21503)|move
-1|(-15.39945, 2.34438, 23.20479)|move
-1|(-15.4788, 2.34438, 23.19455)|move
-1|(-15.55814, 2.34438, 23.18431)|move
-1|(-15.63748, 2.34438, 23.17408)|move
-1|(-15.71682, 2.34438, 23.16384)|move
-1|(-15.79616, 2.34438, 23.1536)|move
-1|(-15.81628, 2.34438, 23.151)|move
-1|(-15.89562, 2.34438, 23.14077)|move
-1|(-15.97496, 2.34438, 23.13053)|move
-1|(-16.05431, 2.34438, 23.12029)|move
-1|(-16.07573, 2.34438, 23.11753)|move
-1|(-16.15508, 2.34438, 23.10729)|move
-1|(-16.23442, 2.34438, 23.09705)|move
-1|(-16.31376, 2.34438, 23.08681)|move
-1|(-16.3931, 2.34438, 23.07658)|move
-1|(-16.47244, 2.34438, 23.06634)|move
-1|(-16.55178, 2.34438, 23.0561)|move
-1|(-16.63113, 2.34438, 23.04586)|move
-1|(-16.71047, 2.34438, 23.03563)|move
-1|(-16.78981, 2.34438, 23.02539)|move
-1|(-16.82573, 2.34438, 23.02075)|move
-1|(-16.90573, 2.34438, 23.02075)|move
-1|(-16.98573, 2.34438, 23.02075)|move
-1|(-17.06573, 2.34438, 23.02075)|move
-1|(-17.14573, 2.34438, 23.02075)|move
-1|(-17.20073, 2.34438, 23.02075)|move
-1|(-17.28073, 2.34438, 23.02075)|move
-1|(-17.36073, 2.34438, 23.02075)|move
-1|(-17.44073, 2.34438, 23.02075)|move
-1|(-17.52073, 2.34438, 23.02075)|move
-1|(-17.57573, 2.34438, 23.02075)|move
-1|(-17.64095, 2.34438, 23.02075)|move
-1|(-17.72095, 2.34438, 23.02075)|move
-1|(-17.80095, 2.34438, 23.02075)|move
-1|(-17.88095, 2.34438, 23.02075)|move
-1|(-17.96095, 2.34438, 23.02075)|move
-1|(-18.04095, 2.34438, 23.02075)|move
-1|(-18.12095, 2.34438, 23.02075)|move
-1|(-18.20095, 2.34438, 23.02075)|move
-1|(-18.28095, 2.34438, 23.02075)|move
-1|(-18.36095, 2.34438, 23.02075)|move
-1|(-18.44095, 2.34438, 23.02075)|move
-1|(-18.52095, 2.34438, 23.02075)|move
-1|(-18.60095, 2.34438, 23.02075)|move
-1|(-18.68095, 2.34438, 23.02075)|move
-1|(-18.76095, 2.34438, 23.02075)|move
-1|(-18.84095, 2.34438, 23.02075)|move
-1|(-18.92095, 2.34438, 23.02075)|move
-1|(-19.00095, 2.34438, 23.02075)|move
-1|(-19.08095, 2.34438, 23.02075)|move
-1|(-19.16095, 2.34438, 23.02075)|move
-1|(-19.24095, 2.34438, 23.02075)|move
-1|(-19.32095, 2.34438, 23.02075)|move
-1|(-19.40095, 2.34438, 23.02075)|move
-1|(-19.48095, 2.34438, 23.02075)|move
-1|(-19.56095, 2.34438, 23.02075)|move
-1|(-19.64095, 2.34438, 23.02075)|move
-1|(-19.72095, 2.34438, 23.02075)|move
-1|(-19.80095, 2.34438, 23.02075)|move
-1|(-19.88095, 2.34438, 23.02075)|move
-1|(-19.96095, 2.34438, 23.02075)|move
-1|(-20.04095, 2.34438, 23.02075)|move
-1|(-20.12095, 2.34438, 23.02075)|move
-1|(-20.20095, 2.34438, 23.02075)|move
-1|(-20.28095, 2.34438, 23.02075)|move
-1|(-20.36095, 2.34438, 23.02075)|move
-1|(-20.44095, 2.34438, 23.02075)|move
-1|(-20.52095, 2.34438, 23.02075)|move
-1|(-20.60095, 2.34438, 23.02075)|move
-1|(-20.68095, 2.34438, 23.02075)|move
-1|(-20.76095, 2.34438, 23.02075)|move
-1|(-20.84095, 2.34438, 23.02075)|move
-1|(-20.92095, 2.34438, 23.02075)|move
-1|(-21.00095, 2.34438, 23.02075)|move
-1|(-21.08095, 2.34438, 23.02075)|move
-1|(-21.16095, 2.34438, 23.02075)|move
-1|(-21.24095, 2.34438, 23.02075)|move
-1|(-21.32095, 2.34438, 23.02075)|move
-1|(-21.32573, 2.34438, 23.02075)|move
-1|(-21.40573, 2.34438, 23.02075)|move
-1|(-21.48573, 2.34438, 23.02075)|move
-1|(-21.56573, 2.34438, 23.02075)|move
-1|(-21.64573, 2.34438, 23.02075)|move
-1|(-21.72573, 2.34438, 23.02075)|move
-1|(-21.80573, 2.34438, 23.02075)|move
-1|(-21.88573, 2.34438, 23.02075)|move
-1|(-21.96573, 2.34438, 23.02075)|move
-1|(-22.04573, 2.34438, 23.02075)|move
-1|(-22.12573, 2.34438, 23.02075)|move
-1|(-22.20573, 2.34438, 23.02075)|move
-1|(-22.28573, 2.34438, 23.02075)|move
-1|(-22.36573, 2.34438, 23.02075)|move
-1|(-22.44573, 2.34438, 23.02075)|move
-1|(-22.52573, 2.34438, 23.02075)|move
-1|(-22.60573, 2.34438, 23.02075)|move
-1|(-22.68573, 2.34438, 23.02075)|move
-1|(-22.76573, 2.34438, 23.02075)|move
-1|(-22.84573, 2.34438, 23.02075)|move
-1|(-22.92573, 2.34438, 23.02075)|move
-1|(-23.00573, 2.34438, 23.02075)|move
-1|(-23.08573, 2.34438, 23.02075)|move
-1|(-23.16573, 2.34438, 23.02075)|move
-1|(-23.24573, 2.34438, 23.02075)|move
-1|(-23.32573, 2.34438, 23.02075)|move
-1|(-23.40573, 2.34438, 23.02075)|move
-1|(-23.48573, 2.34438, 23.02075)|move
-1|(-23.56573, 2.34438, 23.02075)|move
-1|(-23.64573, 2.34438, 23.02075)|move
-1|(-23.72573, 2.34438, 23.02075)|move
-1|(-23.80573, 2.34438, 23.02075)|move
-1|(-23.88573, 2.34438, 23.02075)|move
-1|(-23.96573, 2.34438, 23.02075)|move
-1|(-24.04573, 2.34438, 23.02075)|move
-1|(-24.12573, 2.34438, 23.02075)|move
-1|(-24.20573, 2.34438, 23.02075)|move
-1|(-24.28573, 2.34438, 23.02075)|move
-1|(-24.36573, 2.34438, 23.02075)|move
-1|(-24.44573, 2.34438, 23.02075)|move
-1|(-24.52573, 2.34438, 23.02075)|move
-1|(-24.55907, 2.34438, 23.02075)|move
-1|(-24.63907, 2.34438, 23.02075)|move
-1|(-24.71907, 2.34438, 23.02075)|move
-1|(-24.79907, 2.34438, 23.02075)|move
-1|(-24.87907, 2.34438, 23.02075)|move
-1|(-24.95907, 2.34438, 23.02075)|move
-1|(-25.03907, 2.34438, 23.02075)|move
-1|(-25.10907, 2.34438, 23.02075)|move
-1|(-25.18907, 2.34438, 23.02075)|move
-1|(-25.26907, 2.34438, 23.02075)|move
-1|(-25.34907, 2.34438, 23.02075)|move
-1|(-25.42907, 2.34438, 23.02075)|move
-1|(-25.50907, 2.34438, 23.02075)|move
-1|(-25.57573, 2.34438, 23.02075)|move
-1|(-25.63988, 2.387142, 22.99937)|move
-1|(-25.70402, 2.429904, 22.97799)|move
-1|(-25.76816, 2.472665, 22.95661)|move
-1|(-25.8323, 2.515427, 22.93523)|move
-1|(-25.89644, 2.558189, 22.91385)|move
-1|(-25.96059, 2.600951, 22.89246)|move
-1|(-26.02473, 2.643712, 22.87108)|move
-1|(-26.08887, 2.686474, 22.8497)|move
-1|(-26.15301, 2.729235, 22.82832)|move
-1|(-26.21716, 2.771997, 22.80694)|move
-1|(-26.2813, 2.814758, 22.78556)|move
-1|(-26.32573, 2.84438, 22.77075)|move
-1|(-26.32573, 2.883231, 22.70082)|move
-1|(-26.32573, 2.922083, 22.63089)|move
-1|(-26.32573, 2.960934, 22.56095)|move
-1|(-26.32573, 2.999786, 22.49102)|move
-1|(-26.32573, 3.038637, 22.42109)|move
-1|(-26.32573, 3.077489, 22.35115)|move
-1|(-26.32573, 3.11634, 22.28122)|move
-1|(-26.32573, 3.155192, 22.21129)|move
-1|(-26.32573, 3.194043, 22.14136)|move
-1|(-26.32573, 3.232895, 22.07142)|move
-1|(-26.32573, 3.271746, 22.00149)|move
-1|(-26.32573, 3.310598, 21.93156)|move
-1|(-26.32573, 3.349449, 21.86162)|move
-1|(-26.32573, 3.388301, 21.79169)|move
-1|(-26.32573, 3.427152, 21.72176)|move
-1|(-26.32573, 3.466004, 21.65182)|move
-1|(-26.32573, 3.504855, 21.58189)|move
-1|(-26.32573, 3.543707, 21.51196)|move
-1|(-26.32573, 3.582558, 21.44203)|move
-1|(-26.32573, 3.62141, 21.37209)|move
-1|(-26.32573, 3.660261, 21.30216)|move
-1|(-26.32573, 3.699113, 21.23223)|move
-1|(-26.32573, 3.737965, 21.16229)|move
-1|(-26.32573, 3.776817, 21.09236)|move
-1|(-26.32573, 3.815668, 21.02243)|move
-1|(-26.32573, 3.85452, 20.9525)|move
-1|(-26.32573, 3.893372, 20.88256)|move
-1|(-26.32573, 3.932224, 20.81263)|move
-1|(-26.32573, 3.971075, 20.7427)|move
-1|(-26.32573, 4.009927, 20.67276)|move
-1|(-26.32573, 4.048779, 20.60283)|move
-1|(-26.32573, 4.087632, 20.5329)|move
-1|(-26.32573, 4.09438, 20.52075)|move
-1|(-26.32573, 4.126871, 20.44765)|move
-1|(-26.32573, 4.159362, 20.37454)|move
-1|(-26.32573, 4.191854, 20.30144)|move
-1|(-26.32573, 4.224345, 20.22833)|move
-1|(-26.32573, 4.256836, 20.15523)|move
-1|(-26.32573, 4.289327, 20.08212)|move
-1|(-26.32573, 4.321818, 20.00902)|move
-1|(-26.32573, 4.35431, 19.93591)|move
-1|(-26.32573, 4.386801, 19.86281)|move
-1|(-26.32573, 4.419292, 19.7897)|move
-1|(-26.32573, 4.451783, 19.7166)|move
-1|(-26.32573, 4.484274, 19.64349)|move
-1|(-26.32573, 4.516766, 19.57039)|move
-1|(-26.32573, 4.549257, 19.49728)|move
-1|(-26.32573, 4.581748, 19.42418)|move
-1|(-26.32573, 4.614239, 19.35107)|move
-1|(-26.32573, 4.646729, 19.27797)|move
-1|(-26.32573, 4.67922, 19.20486)|move
-1|(-26.32573, 4.711711, 19.13176)|move
-1|(-26.32573, 4.744202, 19.05865)|move
-1|(-26.32573, 4.776693, 18.98555)|move
-1|(-26.32573, 4.809184, 18.91245)|move
-1|(-26.32573, 4.841675, 18.83934)|move
-1|(-26.32573, 4.874166, 18.76624)|move
-1|(-26.32573, 4.906657, 18.69313)|move
-1|(-26.32573, 4.939148, 18.62003)|move
-1|(-26.32573, 4.971639, 18.54692)|move
-1|(-26.32573, 5.004129, 18.47382)|move
-1|(-26.32573, 5.036621, 18.40071)|move
-1|(-26.32573, 5.069111, 18.32761)|move
-1|(-26.32573, 5.09438, 18.27075)|move
-1|(-26.2665, 5.144164, 18.25042)|move
-1|(-26.20728, 5.193947, 18.23008)|move
-1|(-26.14805, 5.243731, 18.20975)|move
-1|(-26.08882, 5.293515, 18.18941)|move
-1|(-26.02959, 5.343298, 18.16908)|move
-1|(-25.97036, 5.393082, 18.14875)|move
-1|(-25.91113, 5.442866, 18.12841)|move
-1|(-25.8519, 5.49265, 18.10808)|move
-1|(-25.79267, 5.542433, 18.08774)|move
-1|(-25.73344, 5.592217, 18.06741)|move
-1|(-25.67422, 5.642001, 18.04707)|move
-1|(-25.61499, 5.691784, 18.02674)|move
-1|(-25.55576, 5.741568, 18.0064)|move
-1|(-25.49653, 5.791352, 17.98607)|move
-1|(-25.4373, 5.841136, 17.96573)|move
-1|(-25.37807, 5.890919, 17.9454)|move
-1|(-25.31884, 5.940703, 17.92506)|move
-1|(-25.25961, 5.990487, 17.90473)|move
-1|(-25.20038, 6.04027, 17.88439)|move
-1|(-25.14116, 6.090054, 17.86406)|move
-1|(-25.08193, 6.139837, 17.84372)|move
-1|(-25.0227, 6.189621, 17.82339)|move
-1|(-24.96347, 6.239404, 17.80305)|move
-1|(-24.90424, 6.289187, 17.78272)|move
-1|(-24.84501, 6.338971, 17.76238)|move
-1|(-24.78578, 6.388754, 17.74205)|move
-1|(-24.72655, 6.438537, 17.72171)|move
-1|(-24.66732, 6.48832, 17.70138)|move
-1|(-24.6081, 6.538104, 17.68104)|move
-1|(-24.54887, 6.587887, 17.66071)|move
-1|(-24.48964, 6.637671, 17.64037)|move
-1|(-24.43041, 6.687454, 17.62004)|move
-1|(-24.37118, 6.737237, 17.5997)|move
-1|(-24.31195, 6.787021, 17.57936)|move
-1|(-24.25272, 6.836804, 17.55903)|move
-1|(-24.19349, 6.886587, 17.53869)|move
-1|(-24.13426, 6.93637, 17.51836)|move
-1|(-24.12327, 6.945614, 17.51458)|move
-1|(-24.05486, 6.979815, 17.4911)|move
-1|(-23.98646, 7.014015, 17.46762)|move
-1|(-23.91806, 7.048216, 17.44413)|move
-1|(-23.84966, 7.082417, 17.42065)|move
-1|(-23.78126, 7.116617, 17.39717)|move
-1|(-23.71286, 7.150818, 17.37368)|move
-1|(-23.64446, 7.185019, 17.3502)|move
-1|(-23.57606, 7.219219, 17.32671)|move
-1|(-23.50765, 7.25342, 17.30323)|move
-1|(-23.43925, 7.287621, 17.27975)|move
-1|(-23.37085, 7.321821, 17.25626)|move
-1|(-23.32573, 7.34438, 17.24077)|move
-1|(-23.25561, 7.374433, 17.2167)|move
-1|(-23.18549, 7.404485, 17.19262)|move
-1|(-23.11536, 7.434538, 17.16855)|move
-1|(-23.04524, 7.464591, 17.14447)|move
-1|(-22.97511, 7.494643, 17.1204)|move
525|(-22.90499, 7.524697, 17.09632)|move
-1|(-22.84791, 7.54916, 17.14676)|move
-1|(-22.79083, 7.573624, 17.19719)|move
-1|(-22.73375, 7.598087, 17.24762)|move
-1|(-22.67667, 7.62255, 17.29805)|move
-1|(-22.61959, 7.647013, 17.34848)|move
-1|(-22.56251, 7.671476, 17.39892)|move
-1|(-22.50542, 7.69594, 17.44935)|move
-1|(-22.44834, 7.720403, 17.49978)|move
-1|(-22.39126, 7.744866, 17.55021)|move
-1|(-22.33418, 7.769329, 17.60065)|move
-1|(-22.2771, 7.793792, 17.65108)|move
-1|(-22.22002, 7.818255, 17.70151)|move
-1|(-22.16294, 7.842719, 17.75194)|move
-1|(-22.10586, 7.867182, 17.80237)|move
-1|(-22.04877, 7.891645, 17.85281)|move
-1|(-21.9917, 7.916108, 17.90324)|move
-1|(-21.93461, 7.940571, 17.95367)|move
-1|(-21.87753, 7.965034, 18.0041)|move
-1|(-21.82045, 7.989498, 18.05453)|move
-1|(-21.76337, 8.013961, 18.10497)|move
-1|(-21.70629, 8.038424, 18.1554)|move
-1|(-21.64921, 8.062888, 18.20583)|move
-1|(-21.59213, 8.087352, 18.25626)|move
-1|(-21.57573, 8.094379, 18.27075)|move
-1|(-21.52662, 8.094379, 18.3339)|move
-1|(-21.4775, 8.094379, 18.39705)|move
-1|(-21.42838, 8.094379, 18.4602)|move
-1|(-21.37927, 8.094379, 18.52335)|move
-1|(-21.33015, 8.094379, 18.58649)|move
-1|(-21.28104, 8.094379, 18.64964)|move
-1|(-21.23192, 8.094379, 18.71279)|move
-1|(-21.18281, 8.094379, 18.77594)|move
-1|(-21.13369, 8.094379, 18.83909)|move
-1|(-21.08458, 8.094379, 18.90224)|move
-1|(-21.03546, 8.094379, 18.96539)|move
-1|(-20.98635, 8.094379, 19.02853)|move
-1|(-20.93723, 8.094379, 19.09168)|move
-1|(-20.88811, 8.094379, 19.15483)|move
-1|(-20.83975, 8.094379, 19.21701)|move
-1|(-20.79064, 8.094379, 19.28016)|move
-1|(-20.74152, 8.094379, 19.34331)|move
-1|(-20.70073, 8.094379, 19.39575)|move
-1|(-20.65162, 8.094379, 19.4589)|move
-1|(-20.6025, 8.094379, 19.52205)|move
-1|(-20.55338, 8.094379, 19.5852)|move
-1|(-20.50427, 8.094379, 19.64835)|move
-1|(-20.45515, 8.094379, 19.7115)|move
-1|(-20.40603, 8.094379, 19.77464)|move
-1|(-20.35692, 8.094379, 19.83779)|move
-1|(-20.3078, 8.094379, 19.90094)|move
-1|(-20.25869, 8.094379, 19.96409)|move
-1|(-20.20957, 8.094379, 20.02724)|move
-1|(-20.16046, 8.094379, 20.09039)|move
-1|(-20.11134, 8.094379, 20.15354)|move
-1|(-20.06223, 8.094379, 20.21668)|move
-1|(-20.01311, 8.094379, 20.27983)|move
-1|(-19.96399, 8.094379, 20.34298)|move
-1|(-19.91488, 8.094379, 20.40613)|move
-1|(-19.86576, 8.094379, 20.46928)|move
-1|(-19.81665, 8.094379, 20.53243)|move
-1|(-19.76753, 8.094379, 20.59558)|move
-1|(-19.71842, 8.094379, 20.65872)|move
-1|(-19.6693, 8.094379, 20.72187)|move
-1|(-19.62019, 8.094379, 20.78502)|move
-1|(-19.57107, 8.094379, 20.84817)|move
-1|(-19.52196, 8.094379, 20.91132)|move
-1|(-19.47284, 8.094379, 20.97447)|move
-1|(-19.42373, 8.094379, 21.03761)|move
-1|(-19.37461, 8.094379, 21.10076)|move
-1|(-19.32549, 8.094379, 21.16391)|move
-1|(-19.27638, 8.094379, 21.22706)|move
-1|(-19.22726, 8.094379, 21.29021)|move
-1|(-19.17815, 8.094379, 21.35336)|move
-1|(-19.12903, 8.094379, 21.41651)|move
-1|(-19.07992, 8.094379, 21.47965)|move
-1|(-19.0308, 8.094379, 21.5428)|move
-1|(-18.98169, 8.094379, 21.60595)|move
-1|(-18.93257, 8.094379, 21.6691)|move
-1|(-18.88346, 8.094379, 21.73225)|move
-1|(-18.83434, 8.094379, 21.7954)|move
-1|(-18.78522, 8.094379, 21.85855)|move
-1|(-18.73611, 8.094379, 21.92169)|move
-1|(-18.68699, 8.094379, 21.98484)|move
-1|(-18.63788, 8.094379, 22.04799)|move
-1|(-18.58876, 8.094379, 22.11114)|move
-1|(-18.53965, 8.094379, 22.17429)|move
-1|(-18.49053, 8.094379, 22.23744)|move
-1|(-18.44142, 8.094379, 22.30058)|move
-1|(-18.3923, 8.094379, 22.36373)|move
-1|(-18.34319, 8.094379, 22.42688)|move
-1|(-18.29407, 8.094379, 22.49003)|move
-1|(-18.24496, 8.094379, 22.55318)|move
-1|(-18.19584, 8.094379, 22.61633)|move
-1|(-18.14673, 8.094379, 22.67948)|move
-1|(-18.09761, 8.094379, 22.74262)|move
-1|(-18.07573, 8.094379, 22.77075)|move
-1|(-18.07573, 8.094379, 22.77075)|move
-1|(-18.00863, 8.094379, 22.81431)|move
-1|(-17.94154, 8.094379, 22.85788)|move
-1|(-17.87444, 8.094379, 22.90144)|move
-1|(-17.80733, 8.094379, 22.945)|move
-1|(-17.74024, 8.094379, 22.98856)|move
-1|(-17.67314, 8.094379, 23.03212)|move
-1|(-17.60604, 8.094379, 23.07569)|move
-1|(-17.53894, 8.094379, 23.11925)|move
-1|(-17.47184, 8.094379, 23.16281)|move
-1|(-17.40474, 8.094379, 23.20637)|move
-1|(-17.33764, 8.094379, 23.24993)|move
-1|(-17.27054, 8.094379, 23.2935)|move
-1|(-17.20344, 8.094379, 23.33706)|move
-1|(-17.13634, 8.094379, 23.38062)|move
-1|(-17.06924, 8.094379, 23.42418)|move
-1|(-17.00214, 8.094379, 23.46774)|move
-1|(-16.93504, 8.094379, 23.5113)|move
-1|(-16.86794, 8.094379, 23.55487)|move
-1|(-16.80084, 8.094379, 23.59843)|move
-1|(-16.73374, 8.094379, 23.64199)|move
-1|(-16.66665, 8.094379, 23.68555)|move
-1|(-16.59954, 8.094379, 23.72911)|move
-1|(-16.53245, 8.094379, 23.77268)|move
-1|(-16.46535, 8.094379, 23.81624)|move
-1|(-16.39825, 8.094379, 23.8598)|move
-1|(-16.33115, 8.094379, 23.90336)|move
-1|(-16.26405, 8.094379, 23.94692)|move
-1|(-16.19695, 8.094379, 23.99049)|move
-1|(-16.12985, 8.094379, 24.03405)|move
-1|(-16.06275, 8.094379, 24.07761)|move
-1|(-15.99565, 8.094379, 24.12117)|move
-1|(-15.92855, 8.094379, 24.16473)|move
-1|(-15.86145, 8.094379, 24.2083)|move
-1|(-15.82573, 8.094379, 24.23148)|move
-1|(-15.75863, 8.094379, 24.27505)|move
-1|(-15.69153, 8.094379, 24.31861)|move
-1|(-15.62444, 8.094379, 24.36217)|move
-1|(-15.55734, 8.094379, 24.40573)|move
-1|(-15.49024, 8.094379, 24.44929)|move
-1|(-15.42314, 8.094379, 24.49286)|move
-1|(-15.35604, 8.094379, 24.53642)|move
-1|(-15.28894, 8.094379, 24.57998)|move
-1|(-15.22184, 8.094379, 24.62354)|move
-1|(-15.15474, 8.094379, 24.6671)|move
667|(-15.09894, 8.094379, 24.70333)|move
668|(-15.09894, 8.094379, 24.70333)|move
-1|(-15.02792, 8.094379, 24.74015)|move
-1|(-14.9569, 8.094379, 24.77697)|move
-1|(-14.88588, 8.094379, 24.8138)|move
-1|(-14.81485, 8.094379, 24.85062)|move
-1|(-14.76777, 8.094379, 24.87503)|move
-1|(-14.69675, 8.094379, 24.91185)|move
-1|(-14.62572, 8.094379, 24.94867)|move
-1|(-14.5547, 8.094379, 24.9855)|move
-1|(-14.48368, 8.094379, 25.02232)|move
-1|(-14.41266, 8.094379, 25.05914)|move
-1|(-14.34164, 8.094379, 25.09596)|move
-1|(-14.27061, 8.094379, 25.13279)|move
-1|(-14.19959, 8.094379, 25.16961)|move
-1|(-14.12857, 8.094379, 25.20643)|move
-1|(-14.05755, 8.094379, 25.24325)|move
-1|(-13.98653, 8.094379, 25.28008)|move
-1|(-13.9155, 8.094379, 25.3169)|move
-1|(-13.84448, 8.094379, 25.35372)|move
-1|(-13.77346, 8.094379, 25.39054)|move
-1|(-13.70244, 8.094379, 25.42736)|move
-1|(-13.63142, 8.094379, 25.46419)|move
-1|(-13.56039, 8.094379, 25.50101)|move
-1|(-13.48937, 8.094379, 25.53783)|move
-1|(-13.41835, 8.094379, 25.57465)|move
-1|(-13.34733, 8.094379, 25.61148)|move
-1|(-13.27631, 8.094379, 25.6483)|move
-1|(-13.20528, 8.094379, 25.68512)|move
-1|(-13.13426, 8.094379, 25.72194)|move
-1|(-13.06324, 8.094379, 25.75877)|move
-1|(-12.99222, 8.094379, 25.79559)|move
-1|(-12.9212, 8.094379, 25.83241)|move
-1|(-12.85017, 8.094379, 25.86923)|move
-1|(-12.77915, 8.094379, 25.90606)|move
-1|(-12.70813, 8.094379, 25.94288)|move
-1|(-12.63711, 8.094379, 25.9797)|move
-1|(-12.56609, 8.094379, 26.01652)|move
-1|(-12.49506, 8.094379, 26.05334)|move
-1|(-12.42404, 8.094379, 26.09017)|move
-1|(-12.35302, 8.094379, 26.12699)|move
-1|(-12.282, 8.094379, 26.16381)|move
-1|(-12.21098, 8.094379, 26.20063)|move
-1|(-12.13995, 8.094379, 26.23746)|move
-1|(-12.07573, 8.094379, 26.27075)|move
-1|(-12.03996, 8.094379, 26.34231)|move
-1|(-12.00418, 8.094379, 26.41386)|move
-1|(-11.9684, 8.094379, 26.48541)|move
-1|(-11.93263, 8.094379, 26.55697)|move
-1|(-11.89685, 8.094379, 26.62852)|move
-1|(-11.86107, 8.094379, 26.70008)|move
-1|(-11.82529, 8.094379, 26.77163)|move
-1|(-11.78952, 8.094379, 26.84319)|move
-1|(-11.75374, 8.094379, 26.91474)|move
-1|(-11.71796, 8.094379, 26.98629)|move
-1|(-11.70073, 8.094379, 27.02075)|move
-1|(-11.66496, 8.094379, 27.09231)|move
-1|(-11.62918, 8.094379, 27.16386)|move
-1|(-11.5934, 8.094379, 27.23541)|move
-1|(-11.55763, 8.094379, 27.30697)|move
-1|(-11.52185, 8.094379, 27.37852)|move
-1|(-11.48607, 8.094379, 27.45008)|move
-1|(-11.45029, 8.094379, 27.52163)|move
-1|(-11.41452, 8.094379, 27.59319)|move
-1|(-11.37874, 8.094379, 27.66474)|move
-1|(-11.34296, 8.094379, 27.73629)|move
-1|(-11.32573, 8.094379, 27.77075)|move
-1|(-11.32573, 8.094379, 27.77075)|move
-1|(-11.27484, 8.094379, 27.83248)|move
-1|(-11.22395, 8.094379, 27.89421)|move
-1|(-11.17306, 8.094379, 27.95593)|move
-1|(-11.12217, 8.094379, 28.01766)|move
-1|(-11.07128, 8.094379, 28.07939)|move
-1|(-11.02039, 8.094379, 28.14112)|move
-1|(-10.9695, 8.094379, 28.20284)|move
-1|(-10.91861, 8.094379, 28.26457)|move
-1|(-10.86772, 8.094379, 28.3263)|move
-1|(-10.81683, 8.094379, 28.38803)|move
-1|(-10.76595, 8.094379, 28.44975)|move
-1|(-10.71506, 8.094379, 28.51148)|move
-1|(-10.66417, 8.094379, 28.57321)|move
-1|(-10.61328, 8.094379, 28.63494)|move
-1|(-10.56239, 8.094379, 28.69666)|move
-1|(-10.5115, 8.094379, 28.75839)|move
-1|(-10.46061, 8.094379, 28.82012)|move
-1|(-10.40972, 8.094379, 28.88185)|move
-1|(-10.35883, 8.094379, 28.94357)|move
-1|(-10.30794, 8.094379, 29.0053)|move
-1|(-10.25705, 8.094379, 29.06703)|move
-1|(-10.20616, 8.094379, 29.12876)|move
-1|(-10.15527, 8.094379, 29.19049)|move
-1|(-10.10438, 8.094379, 29.25221)|move
-1|(-10.05349, 8.094379, 29.31394)|move
-1|(-10.0026, 8.094379, 29.37567)|move
-1|(-9.95171, 8.094379, 29.4374)|move
-1|(-9.90082, 8.094379, 29.49912)|move
-1|(-9.849931, 8.094379, 29.56085)|move
-1|(-9.799042, 8.094379, 29.62258)|move
-1|(-9.748152, 8.094379, 29.68431)|move
-1|(-9.697262, 8.094379, 29.74603)|move
-1|(-9.646372, 8.094379, 29.80776)|move
-1|(-9.595482, 8.094379, 29.86949)|move
-1|(-9.544593, 8.094379, 29.93122)|move
-1|(-9.493703, 8.094379, 29.99294)|move
-1|(-9.442814, 8.094379, 30.05467)|move
-1|(-9.391924, 8.094379, 30.1164)|move
-1|(-9.341034, 8.094379, 30.17813)|move
-1|(-9.290144, 8.094379, 30.23985)|move
-1|(-9.239255, 8.094379, 30.30158)|move
-1|(-9.188365, 8.094379, 30.36331)|move
-1|(-9.137475, 8.094379, 30.42504)|move
-1|(-9.086586, 8.094379, 30.48676)|move
-1|(-9.035696, 8.094379, 30.54849)|move
-1|(-8.984806, 8.094379, 30.61022)|move
-1|(-8.933917, 8.094379, 30.67195)|move
-1|(-8.883027, 8.094379, 30.73367)|move
-1|(-8.832137, 8.094379, 30.7954)|move
-1|(-8.781248, 8.094379, 30.85713)|move
-1|(-8.730358, 8.094379, 30.91886)|move
-1|(-8.679468, 8.094379, 30.98058)|move
-1|(-8.628578, 8.094379, 31.04231)|move
-1|(-8.577689, 8.094379, 31.10404)|move
-1|(-8.575734, 8.094379, 31.10641)|move
-1|(-8.524845, 8.094379, 31.16814)|move
-1|(-8.473956, 8.094379, 31.22986)|move
-1|(-8.423066, 8.094379, 31.29159)|move
-1|(-8.372177, 8.094379, 31.35332)|move
-1|(-8.321287, 8.094379, 31.41505)|move
-1|(-8.270397, 8.094379, 31.47677)|move
-1|(-8.219508, 8.094379, 31.5385)|move
-1|(-8.168618, 8.094379, 31.60023)|move
-1|(-8.117728, 8.094379, 31.66196)|move
-1|(-8.066839, 8.094379, 31.72368)|move
-1|(-8.015949, 8.094379, 31.78541)|move
-1|(-7.96506, 8.094379, 31.84714)|move
-1|(-7.91417, 8.094379, 31.90887)|move
-1|(-7.863717, 8.094379, 31.97006)|move
-1|(-7.812828, 8.094379, 32.03179)|move
-1|(-7.761938, 8.094379, 32.09352)|move
-1|(-7.711049, 8.094379, 32.15524)|move
-1|(-7.660159, 8.094379, 32.21697)|move
-1|(-7.60927, 8.094379, 32.27869)|move
-1|(-7.55838, 8.094379, 32.34042)|move
-1|(-7.507491, 8.094379, 32.40215)|move
-1|(-7.456601, 8.094379, 32.46387)|move
-1|(-7.405712, 8.094379, 32.5256)|move
-1|(-7.354823, 8.094379, 32.58733)|move
-1|(-7.303934, 8.094379, 32.64905)|move
-1|(-7.253045, 8.094379, 32.71078)|move
-1|(-7.202156, 8.094379, 32.77251)|move
-1|(-7.151267, 8.094379, 32.83424)|move
-1|(-7.100377, 8.094379, 32.89596)|move
-1|(-7.049488, 8.094379, 32.95769)|move
-1|(-6.998599, 8.094379, 33.01942)|move
-1|(-6.94771, 8.094379, 33.08115)|move
-1|(-6.89682, 8.094379, 33.14287)|move
-1|(-6.845931, 8.094379, 33.2046)|move
-1|(-6.795042, 8.094379, 33.26633)|move
-1|(-6.744153, 8.094379, 33.32806)|move
-1|(-6.693263, 8.094379, 33.38978)|move
-1|(-6.642374, 8.094379, 33.45151)|move
-1|(-6.591485, 8.094379, 33.51324)|move
-1|(-6.540596, 8.094379, 33.57497)|move
-1|(-6.489706, 8.094379, 33.63669)|move
-1|(-6.476581, 8.094379, 33.65261)|move
-1|(-6.425691, 8.094379, 33.71434)|move
-1|(-6.374802, 8.094379, 33.77607)|move
-1|(-6.323912, 8.094379, 33.83779)|move
-1|(-6.273023, 8.094379, 33.89952)|move
-1|(-6.222133, 8.094379, 33.96124)|move
-1|(-6.171244, 8.094379, 34.02297)|move
-1|(-6.120354, 8.094379, 34.08469)|move
-1|(-6.069465, 8.094379, 34.14642)|move
-1|(-6.018575, 8.094379, 34.20815)|move
-1|(-5.967686, 8.094379, 34.26987)|move
-1|(-5.916796, 8.094379, 34.3316)|move
-1|(-5.865907, 8.094379, 34.39332)|move
-1|(-5.815018, 8.094379, 34.45505)|move
-1|(-5.764129, 8.094379, 34.51678)|move
-1|(-5.71324, 8.094379, 34.5785)|move
-1|(-5.662351, 8.094379, 34.64023)|move
-1|(-5.611462, 8.094379, 34.70196)|move
-1|(-5.560573, 8.094379, 34.76369)|move
-1|(-5.509683, 8.094379, 34.82541)|move
-1|(-5.458794, 8.094379, 34.88714)|move
-1|(-5.407905, 8.094379, 34.94887)|move
-1|(-5.357016, 8.094379, 35.0106)|move
-1|(-5.306126, 8.094379, 35.07232)|move
-1|(-5.255237, 8.094379, 35.13405)|move
-1|(-5.204348, 8.094379, 35.19578)|move
-1|(-5.153459, 8.094379, 35.25751)|move
-1|(-5.102569, 8.094379, 35.31923)|move
-1|(-5.05168, 8.094379, 35.38096)|move
-1|(-5.000791, 8.094379, 35.44269)|move
-1|(-4.949902, 8.094379, 35.50442)|move
-1|(-4.899012, 8.094379, 35.56614)|move
-1|(-4.848123, 8.094379, 35.62787)|move
-1|(-4.797234, 8.094379, 35.6896)|move
-1|(-4.746345, 8.094379, 35.75133)|move
-1|(-4.695455, 8.094379, 35.81305)|move
-1|(-4.644566, 8.094379, 35.87478)|move
-1|(-4.593677, 8.094379, 35.93651)|move
-1|(-4.542788, 8.094379, 35.99824)|move
-1|(-4.491898, 8.094379, 36.05996)|move
886|(-4.484062, 8.094379, 36.06947)|move
887|(-4.484062, 8.094379, 36.06947)|move
-1|(-4.534952, 8.094379, 36.00774)|move
-1|(-4.585841, 8.094379, 35.94602)|move
-1|(-4.636731, 8.094379, 35.88429)|move
-1|(-4.68762, 8.094379, 35.82257)|move
-1|(-4.73851, 8.094379, 35.76084)|move
-1|(-4.789399, 8.094379, 35.69912)|move
-1|(-4.840289, 8.094379, 35.63739)|move
-1|(-4.891178, 8.094379, 35.57566)|move
-1|(-4.942068, 8.094379, 35.51394)|move
-1|(-4.992957, 8.094379, 35.45221)|move
-1|(-5.043846, 8.094379, 35.39048)|move
-1|(-5.094735, 8.094379, 35.32876)|move
-1|(-5.145624, 8.094379, 35.26703)|move
-1|(-5.196513, 8.094379, 35.2053)|move
-1|(-5.247402, 8.094379, 35.14357)|move
-1|(-5.298292, 8.094379, 35.08185)|move
-1|(-5.349181, 8.094379, 35.02012)|move
-1|(-5.40007, 8.094379, 34.95839)|move
-1|(-5.450959, 8.094379, 34.89667)|move
-1|(-5.501848, 8.094379, 34.83494)|move
-1|(-5.552737, 8.094379, 34.77321)|move
-1|(-5.603626, 8.094379, 34.71148)|move
-1|(-5.654515, 8.094379, 34.64976)|move
-1|(-5.705404, 8.094379, 34.58803)|move
-1|(-5.756294, 8.094379, 34.5263)|move
-1|(-5.807183, 8.094379, 34.46457)|move
-1|(-5.858072, 8.094379, 34.40285)|move
-1|(-5.908961, 8.094379, 34.34112)|move
-1|(-5.959851, 8.094379, 34.27939)|move
-1|(-6.01074, 8.094379, 34.21766)|move
-1|(-6.061629, 8.094379, 34.15594)|move
-1|(-6.112518, 8.094379, 34.09421)|move
-1|(-6.163408, 8.094379, 34.03248)|move
-1|(-6.214297, 8.094379, 33.97075)|move
-1|(-6.265186, 8.094379, 33.90903)|move
-1|(-6.316075, 8.094379, 33.8473)|move
-1|(-6.366965, 8.094379, 33.78557)|move
-1|(-6.417854, 8.094379, 33.72384)|move
-1|(-6.468743, 8.094379, 33.66212)|move
-1|(-6.476579, 8.094379, 33.65261)|move
-1|(-6.527469, 8.094379, 33.59089)|move
-1|(-6.578358, 8.094379, 33.52916)|move
-1|(-6.629248, 8.094379, 33.46743)|move
-1|(-6.680137, 8.094379, 33.40571)|move
-1|(-6.731027, 8.094379, 33.34398)|move
-1|(-6.781916, 8.094379, 33.28226)|move
-1|(-6.832806, 8.094379, 33.22053)|move
-1|(-6.883695, 8.094379, 33.15881)|move
-1|(-6.934584, 8.094379, 33.09708)|move
-1|(-6.985473, 8.094379, 33.03535)|move
-1|(-7.036362, 8.094379, 32.97362)|move
-1|(-7.087252, 8.094379, 32.9119)|move
-1|(-7.138141, 8.094379, 32.85017)|move
-1|(-7.18903, 8.094379, 32.78844)|move
-1|(-7.239919, 8.094379, 32.72671)|move
-1|(-7.290809, 8.094379, 32.66499)|move
-1|(-7.341698, 8.094379, 32.60326)|move
-1|(-7.392587, 8.094379, 32.54153)|move
-1|(-7.443476, 8.094379, 32.4798)|move
-1|(-7.494366, 8.094379, 32.41808)|move
-1|(-7.545255, 8.094379, 32.35635)|move
-1|(-7.596144, 8.094379, 32.29462)|move
-1|(-7.647033, 8.094379, 32.23289)|move
-1|(-7.697923, 8.094379, 32.17117)|move
-1|(-7.748812, 8.094379, 32.10944)|move
-1|(-7.799701, 8.094379, 32.04771)|move
-1|(-7.85059, 8.094379, 31.98598)|move
-1|(-7.863718, 8.094379, 31.97006)|move
-1|(-7.914608, 8.094379, 31.90833)|move
-1|(-7.965497, 8.094379, 31.8466)|move
-1|(-8.016387, 8.094379, 31.78488)|move
-1|(-8.067277, 8.094379, 31.72315)|move
-1|(-8.118167, 8.094379, 31.66142)|move
-1|(-8.169057, 8.094379, 31.59969)|move
-1|(-8.219947, 8.094379, 31.53797)|move
-1|(-8.270836, 8.094379, 31.47624)|move
-1|(-8.321726, 8.094379, 31.41451)|move
-1|(-8.372616, 8.094379, 31.35278)|move
-1|(-8.423505, 8.094379, 31.29106)|move
-1|(-8.474395, 8.094379, 31.22933)|move
-1|(-8.525285, 8.094379, 31.1676)|move
-1|(-8.575734, 8.094379, 31.10641)|move
-1|(-8.626624, 8.094379, 31.04468)|move
-1|(-8.677514, 8.094379, 30.98295)|move
-1|(-8.728404, 8.094379, 30.92122)|move
-1|(-8.779294, 8.094379, 30.8595)|move
-1|(-8.830184, 8.094379, 30.79777)|move
-1|(-8.881074, 8.094379, 30.73604)|move
-1|(-8.931964, 8.094379, 30.67431)|move
-1|(-8.982854, 8.094379, 30.61259)|move
-1|(-9.033744, 8.094379, 30.55086)|move
-1|(-9.084634, 8.094379, 30.48913)|move
-1|(-9.135524, 8.094379, 30.4274)|move
-1|(-9.186414, 8.094379, 30.36568)|move
-1|(-9.237304, 8.094379, 30.30395)|move
-1|(-9.288194, 8.094379, 30.24222)|move
-1|(-9.339084, 8.094379, 30.18049)|move
-1|(-9.389974, 8.094379, 30.11877)|move
-1|(-9.440863, 8.094379, 30.05704)|move
-1|(-9.491753, 8.094379, 29.99531)|move
-1|(-9.542643, 8.094379, 29.93358)|move
-1|(-9.593532, 8.094379, 29.87186)|move
-1|(-9.644422, 8.094379, 29.81013)|move
-1|(-9.695312, 8.094379, 29.7484)|move
-1|(-9.746201, 8.094379, 29.68667)|move
-1|(-9.797091, 8.094379, 29.62495)|move
-1|(-9.84798, 8.094379, 29.56322)|move
-1|(-9.89887, 8.094379, 29.50149)|move
-1|(-9.949759, 8.094379, 29.43976)|move
-1|(-10.00065, 8.094379, 29.37804)|move
-1|(-10.05154, 8.094379, 29.31631)|move
-1|(-10.10243, 8.094379, 29.25458)|move
-1|(-10.15332, 8.094379, 29.19285)|move
-1|(-10.20421, 8.094379, 29.13113)|move
-1|(-10.2551, 8.094379, 29.0694)|move
-1|(-10.30599, 8.094379, 29.00767)|move
-1|(-10.35688, 8.094379, 28.94594)|move
-1|(-10.40777, 8.094379, 28.88422)|move
-1|(-10.45866, 8.094379, 28.82249)|move
-1|(-10.50955, 8.094379, 28.76076)|move
-1|(-10.56044, 8.094379, 28.69903)|move
-1|(-10.61133, 8.094379, 28.63731)|move
-1|(-10.66222, 8.094379, 28.57558)|move
-1|(-10.71311, 8.094379, 28.51385)|move
-1|(-10.76399, 8.094379, 28.45212)|move
-1|(-10.81488, 8.094379, 28.3904)|move
-1|(-10.86577, 8.094379, 28.32867)|move
-1|(-10.91666, 8.094379, 28.26694)|move
-1|(-10.96755, 8.094379, 28.20521)|move
-1|(-11.01844, 8.094379, 28.14349)|move
-1|(-11.06933, 8.094379, 28.08176)|move
-1|(-11.12022, 8.094379, 28.02003)|move
-1|(-11.17111, 8.094379, 27.9583)|move
-1|(-11.222, 8.094379, 27.89658)|move
-1|(-11.27289, 8.094379, 27.83485)|move
-1|(-11.32378, 8.094379, 27.77312)|move
-1|(-11.32573, 8.094379, 27.77075)|move
-1|(-11.36151, 8.094379, 27.6992)|move
-1|(-11.39729, 8.094379, 27.62764)|move
-1|(-11.43307, 8.094379, 27.55609)|move
-1|(-11.46884, 8.094379, 27.48454)|move
-1|(-11.50462, 8.094379, 27.41298)|move
-1|(-11.5404, 8.094379, 27.34143)|move
-1|(-11.57617, 8.094379, 27.26987)|move
-1|(-11.61195, 8.094379, 27.19832)|move
-1|(-11.64773, 8.094379, 27.12676)|move
-1|(-11.68351, 8.094379, 27.05521)|move
-1|(-11.70074, 8.094379, 27.02075)|move
-1|(-11.73651, 8.094379, 26.9492)|move
-1|(-11.77229, 8.094379, 26.87764)|move
-1|(-11.80807, 8.094379, 26.80609)|move
-1|(-11.84384, 8.094379, 26.73454)|move
-1|(-11.87962, 8.094379, 26.66298)|move
-1|(-11.9154, 8.094379, 26.59143)|move
-1|(-11.95118, 8.094379, 26.51987)|move
-1|(-11.98695, 8.094379, 26.44832)|move
-1|(-12.02273, 8.094379, 26.37676)|move
-1|(-12.05851, 8.094379, 26.30521)|move
-1|(-12.07573, 8.094379, 26.27075)|move
-1|(-12.07573, 8.094379, 26.27075)|move
-1|(-12.14484, 8.094379, 26.23044)|move
-1|(-12.21394, 8.094379, 26.19013)|move
-1|(-12.28304, 8.094379, 26.14982)|move
-1|(-12.35214, 8.094379, 26.10951)|move
-1|(-12.42125, 8.094379, 26.0692)|move
-1|(-12.49035, 8.094379, 26.02889)|move
-1|(-12.55945, 8.094379, 25.98858)|move
-1|(-12.62855, 8.094379, 25.94827)|move
-1|(-12.69765, 8.094379, 25.90796)|move
-1|(-12.76676, 8.094379, 25.86765)|move
-1|(-12.83586, 8.094379, 25.82734)|move
-1|(-12.90496, 8.094379, 25.78703)|move
-1|(-12.97406, 8.094379, 25.74672)|move
-1|(-13.04317, 8.094379, 25.70641)|move
-1|(-13.11227, 8.094379, 25.6661)|move
-1|(-13.18137, 8.094379, 25.62579)|move
-1|(-13.25047, 8.094379, 25.58548)|move
-1|(-13.31958, 8.094379, 25.54517)|move
-1|(-13.38868, 8.094379, 25.50486)|move
-1|(-13.45778, 8.094379, 25.46455)|move
-1|(-13.52688, 8.094379, 25.42424)|move
-1|(-13.59598, 8.094379, 25.38393)|move
-1|(-13.66509, 8.094379, 25.34362)|move
-1|(-13.73419, 8.094379, 25.30331)|move
-1|(-13.80329, 8.094379, 25.263)|move
-1|(-13.87239, 8.094379, 25.22269)|move
-1|(-13.9415, 8.094379, 25.18238)|move
-1|(-14.0106, 8.094379, 25.14207)|move
-1|(-14.0797, 8.094379, 25.10176)|move
-1|(-14.1488, 8.094379, 25.06145)|move
-1|(-14.21791, 8.094379, 25.02115)|move
-1|(-14.28701, 8.094379, 24.98084)|move
-1|(-14.35611, 8.094379, 24.94053)|move
-1|(-14.42521, 8.094379, 24.90022)|move
-1|(-14.49432, 8.094379, 24.85991)|move
-1|(-14.56342, 8.094379, 24.8196)|move
-1|(-14.63252, 8.094379, 24.77929)|move
-1|(-14.68612, 8.094379, 24.74803)|move
-1|(-14.75523, 8.094379, 24.70772)|move
-1|(-14.82433, 8.094379, 24.66741)|move
-1|(-14.89343, 8.094379, 24.6271)|move
-1|(-14.96253, 8.094379, 24.58679)|move
-1|(-15.03164, 8.094379, 24.54648)|move
-1|(-15.10074, 8.094379, 24.50617)|move
-1|(-15.16984, 8.094379, 24.46586)|move
-1|(-15.23894, 8.094379, 24.42555)|move
-1|(-15.30804, 8.094379, 24.38524)|move
-1|(-15.37715, 8.094379, 24.34493)|move
-1|(-15.44625, 8.094379, 24.30462)|move
-1|(-15.51535, 8.094379, 24.26431)|move
-1|(-15.58445, 8.094379, 24.224)|move
-1|(-15.65356, 8.094379, 24.18369)|move
-1|(-15.72266, 8.094379, 24.14338)|move
-1|(-15.79176, 8.094379, 24.10307)|move
-1|(-15.82573, 8.094379, 24.08325)|move
-1|(-15.89484, 8.094379, 24.04294)|move
-1|(-15.96394, 8.094379, 24.00263)|move
-1|(-16.03304, 8.094379, 23.96232)|move
-1|(-16.10214, 8.094379, 23.92201)|move
-1|(-16.17125, 8.094379, 23.8817)|move
-1|(-16.24035, 8.094379, 23.84139)|move
-1|(-16.30945, 8.094379, 23.80108)|move
-1|(-16.37855, 8.094379, 23.76077)|move
-1|(-16.44765, 8.094379, 23.72046)|move
-1|(-16.51676, 8.094379, 23.68015)|move
-1|(-16.58586, 8.094379, 23.63984)|move
-1|(-16.65496, 8.094379, 23.59953)|move
-1|(-16.72407, 8.094379, 23.55923)|move
-1|(-16.79317, 8.094379, 23.51892)|move
-1|(-16.86227, 8.094379, 23.47861)|move
-1|(-16.93137, 8.094379, 23.4383)|move
-1|(-17.00048, 8.094379, 23.39799)|move
-1|(-17.06958, 8.094379, 23.35768)|move
-1|(-17.13868, 8.094379, 23.31737)|move
-1|(-17.20778, 8.094379, 23.27706)|move
-1|(-17.27689, 8.094379, 23.23675)|move
-1|(-17.34599, 8.094379, 23.19644)|move
-1|(-17.41509, 8.094379, 23.15613)|move
-1|(-17.4842, 8.094379, 23.11582)|move
-1|(-17.5533, 8.094379, 23.07551)|move
-1|(-17.6224, 8.094379, 23.0352)|move
-1|(-17.6915, 8.094379, 22.99489)|move
-1|(-17.7606, 8.094379, 22.95458)|move
-1|(-17.82971, 8.094379, 22.91427)|move
-1|(-17.89881, 8.094379, 22.87396)|move
-1|(-17.96791, 8.094379, 22.83365)|move
-1|(-18.03702, 8.094379, 22.79334)|move
-1|(-18.07573, 8.094379, 22.77075)|move
-1|(-18.12485, 8.094379, 22.7076)|move
-1|(-18.17397, 8.094379, 22.64445)|move
-1|(-18.22308, 8.094379, 22.58131)|move
-1|(-18.2722, 8.094379, 22.51816)|move
-1|(-18.32131, 8.094379, 22.45501)|move
-1|(-18.37043, 8.094379, 22.39186)|move
-1|(-18.41954, 8.094379, 22.32871)|move
-1|(-18.46866, 8.094379, 22.26556)|move
-1|(-18.51777, 8.094379, 22.20242)|move
-1|(-18.56689, 8.094379, 22.13927)|move
-1|(-18.616, 8.094379, 22.07612)|move
-1|(-18.66512, 8.094379, 22.01297)|move
-1|(-18.71424, 8.094379, 21.94982)|move
-1|(-18.76335, 8.094379, 21.88667)|move
-1|(-18.81247, 8.094379, 21.82352)|move
-1|(-18.86158, 8.094379, 21.76038)|move
-1|(-18.9107, 8.094379, 21.69723)|move
-1|(-18.95981, 8.094379, 21.63408)|move
-1|(-19.00893, 8.094379, 21.57093)|move
-1|(-19.05804, 8.094379, 21.50778)|move
-1|(-19.10716, 8.094379, 21.44463)|move
-1|(-19.15627, 8.094379, 21.38148)|move
-1|(-19.20539, 8.094379, 21.31834)|move
-1|(-19.25451, 8.094379, 21.25519)|move
-1|(-19.30362, 8.094379, 21.19204)|move
-1|(-19.35274, 8.094379, 21.12889)|move
-1|(-19.40185, 8.094379, 21.06574)|move
-1|(-19.45097, 8.094379, 21.00259)|move
-1|(-19.50008, 8.094379, 20.93945)|move
-1|(-19.5492, 8.094379, 20.8763)|move
-1|(-19.59831, 8.094379, 20.81315)|move
-1|(-19.64743, 8.094379, 20.75)|move
-1|(-19.69654, 8.094379, 20.68685)|move
-1|(-19.74566, 8.094379, 20.6237)|move
-1|(-19.79478, 8.094379, 20.56055)|move
-1|(-19.84389, 8.094379, 20.49741)|move
-1|(-19.89301, 8.094379, 20.43426)|move
-1|(-19.94212, 8.094379, 20.37111)|move
-1|(-19.99124, 8.094379, 20.30796)|move
-1|(-20.04035, 8.094379, 20.24481)|move
-1|(-20.08947, 8.094379, 20.18166)|move
-1|(-20.13858, 8.094379, 20.11852)|move
-1|(-20.1877, 8.094379, 20.05537)|move
-1|(-20.23681, 8.094379, 19.99222)|move
-1|(-20.28593, 8.094379, 19.92907)|move
-1|(-20.33504, 8.094379, 19.86592)|move
-1|(-20.38416, 8.094379, 19.80277)|move
-1|(-20.43328, 8.094379, 19.73962)|move
-1|(-20.48239, 8.094379, 19.67648)|move
-1|(-20.53151, 8.094379, 19.61333)|move
-1|(-20.58062, 8.094379, 19.55018)|move
-1|(-20.62974, 8.094379, 19.48703)|move
-1|(-20.67885, 8.094379, 19.42388)|move
-1|(-20.70073, 8.094379, 19.39575)|move
-1|(-20.74985, 8.094379, 19.33261)|move
-1|(-20.79896, 8.094379, 19.26946)|move
-1|(-20.83975, 8.094379, 19.21701)|move
-1|(-20.88887, 8.094379, 19.15387)|move
-1|(-20.93798, 8.094379, 19.09072)|move
-1|(-20.9871, 8.094379, 19.02757)|move
-1|(-21.03621, 8.094379, 18.96442)|move
-1|(-21.08533, 8.094379, 18.90127)|move
-1|(-21.13445, 8.094379, 18.83812)|move
-1|(-21.18356, 8.094379, 18.77497)|move
-1|(-21.23268, 8.094379, 18.71183)|move
-1|(-21.28179, 8.094379, 18.64868)|move
-1|(-21.33091, 8.094379, 18.58553)|move
-1|(-21.38002, 8.094379, 18.52238)|move
-1|(-21.42914, 8.094379, 18.45923)|move
-1|(-21.47825, 8.094379, 18.39608)|move
-1|(-21.52737, 8.094379, 18.33294)|move
-1|(-21.57573, 8.094379, 18.27075)|move
-1|(-21.57573, 8.094379, 18.27075)|move
-1|(-21.64864, 8.063134, 18.26034)|move
-1|(-21.72155, 8.031889, 18.24992)|move
-1|(-21.79445, 8.000644, 18.23951)|move
-1|(-21.86736, 7.969398, 18.22909)|move
-1|(-21.94027, 7.938153, 18.21868)|move
-1|(-22.01317, 7.906908, 18.20826)|move
-1|(-22.08608, 7.875663, 18.19785)|move
-1|(-22.15899, 7.844418, 18.18743)|move
-1|(-22.23189, 7.813172, 18.17702)|move
-1|(-22.3048, 7.781926, 18.1666)|move
-1|(-22.3777, 7.75068, 18.15619)|move
-1|(-22.45061, 7.719435, 18.14577)|move
-1|(-22.52352, 7.688189, 18.13535)|move
-1|(-22.59642, 7.656943, 18.12494)|move
-1|(-22.66933, 7.625698, 18.11452)|move
-1|(-22.74224, 7.594452, 18.10411)|move
-1|(-22.81514, 7.563206, 18.09369)|move
-1|(-22.88805, 7.53196, 18.08328)|move
-1|(-22.96096, 7.500715, 18.07286)|move
-1|(-23.03386, 7.469469, 18.06245)|move
-1|(-23.10677, 7.438223, 18.05203)|move
-1|(-23.17968, 7.406978, 18.04162)|move
-1|(-23.25258, 7.375731, 18.0312)|move
-1|(-23.32549, 7.344486, 18.02079)|move
-1|(-23.32573, 7.34438, 18.02075)|move
-1|(-23.39729, 7.308603, 18.02075)|move
-1|(-23.46884, 7.272826, 18.02075)|move
-1|(-23.5404, 7.237049, 18.02075)|move
-1|(-23.61195, 7.201272, 18.02075)|move
-1|(-23.6835, 7.165494, 18.02075)|move
-1|(-23.75506, 7.129717, 18.02075)|move
-1|(-23.82661, 7.09394, 18.02075)|move
-1|(-23.89817, 7.058163, 18.02075)|move
-1|(-23.96972, 7.022386, 18.02075)|move
-1|(-24.04128, 6.986609, 18.02075)|move
-1|(-24.11283, 6.950832, 18.02075)|move
-1|(-24.18438, 6.915055, 18.02075)|move
-1|(-24.25594, 6.879278, 18.02075)|move
-1|(-24.32573, 6.84438, 18.02075)|move
-1|(-24.38568, 6.791931, 18.02824)|move
-1|(-24.44562, 6.739482, 18.03574)|move
-1|(-24.50556, 6.687034, 18.04323)|move
-1|(-24.5655, 6.634585, 18.05072)|move
-1|(-24.62544, 6.582136, 18.05821)|move
-1|(-24.68539, 6.529687, 18.0657)|move
-1|(-24.74533, 6.477239, 18.0732)|move
-1|(-24.80527, 6.42479, 18.08069)|move
-1|(-24.86521, 6.372341, 18.08818)|move
-1|(-24.92516, 6.319892, 18.09567)|move
-1|(-24.9851, 6.267444, 18.10316)|move
-1|(-25.04504, 6.214995, 18.11066)|move
-1|(-25.10498, 6.162546, 18.11815)|move
-1|(-25.16492, 6.110097, 18.12564)|move
-1|(-25.22486, 6.057648, 18.13314)|move
-1|(-25.28481, 6.005198, 18.14063)|move
-1|(-25.34475, 5.952749, 18.14812)|move
-1|(-25.40469, 5.900301, 18.15561)|move
-1|(-25.46463, 5.847851, 18.16311)|move
-1|(-25.52457, 5.795403, 18.1706)|move
-1|(-25.58451, 5.742953, 18.17809)|move
-1|(-25.64445, 5.690505, 18.18559)|move
-1|(-25.70439, 5.638055, 18.19308)|move
-1|(-25.76434, 5.585607, 18.20057)|move
-1|(-25.82428, 5.533157, 18.20807)|move
-1|(-25.88422, 5.480709, 18.21556)|move
-1|(-25.94416, 5.428259, 18.22305)|move
-1|(-26.0041, 5.375811, 18.23055)|move
-1|(-26.06404, 5.323361, 18.23804)|move
-1|(-26.12398, 5.270913, 18.24553)|move
-1|(-26.18392, 5.218463, 18.25303)|move
-1|(-26.24387, 5.166015, 18.26052)|move
-1|(-26.30381, 5.113565, 18.26801)|move
-1|(-26.32573, 5.09438, 18.27075)|move
-1|(-26.32573, 5.09438, 18.27075)|move
-1|(-26.32573, 5.09438, 18.27075)|move
-1|(-26.32573, 5.061889, 18.34386)|move
-1|(-26.32573, 5.029397, 18.41696)|move
-1|(-26.32573, 4.996906, 18.49007)|move
-1|(-26.32573, 4.964415, 18.56317)|move
-1|(-26.32573, 4.931924, 18.63628)|move
-1|(-26.32573, 4.899433, 18.70938)|move
-1|(-26.32573, 4.866941, 18.78249)|move
-1|(-26.32573, 4.83445, 18.85559)|move
-1|(-26.32573, 4.801959, 18.9287)|move
-1|(-26.32573, 4.769468, 19.0018)|move
-1|(-26.32573, 4.736977, 19.07491)|move
-1|(-26.32573, 4.704485, 19.14801)|move
-1|(-26.32573, 4.671994, 19.22112)|move
-1|(-26.32573, 4.639503, 19.29422)|move
-1|(-26.32573, 4.607012, 19.36732)|move
-1|(-26.32573, 4.574521, 19.44043)|move
-1|(-26.32573, 4.54203, 19.51353)|move
-1|(-26.32573, 4.50954, 19.58664)|move
-1|(-26.32573, 4.477048, 19.65974)|move
-1|(-26.32573, 4.444558, 19.73285)|move
-1|(-26.32573, 4.412066, 19.80595)|move
-1|(-26.32573, 4.379576, 19.87906)|move
-1|(-26.32573, 4.347085, 19.95216)|move
-1|(-26.32573, 4.314594, 20.02527)|move
-1|(-26.32573, 4.282103, 20.09837)|move
-1|(-26.32573, 4.249612, 20.17148)|move
-1|(-26.32573, 4.217121, 20.24458)|move
-1|(-26.32573, 4.18463, 20.31769)|move
-1|(-26.32573, 4.152139, 20.39079)|move
-1|(-26.32573, 4.119648, 20.4639)|move
-1|(-26.32573, 4.09438, 20.52075)|move
-1|(-26.32573, 4.055529, 20.59068)|move
-1|(-26.32573, 4.016677, 20.66062)|move
-1|(-26.32573, 3.977826, 20.73055)|move
-1|(-26.32573, 3.938974, 20.80048)|move
-1|(-26.32573, 3.900123, 20.87042)|move
-1|(-26.32573, 3.861271, 20.94035)|move
-1|(-26.32573, 3.82242, 21.01028)|move
-1|(-26.32573, 3.783568, 21.08022)|move
-1|(-26.32573, 3.744717, 21.15015)|move
-1|(-26.32573, 3.705865, 21.22008)|move
-1|(-26.32573, 3.667014, 21.29001)|move
-1|(-26.32573, 3.628162, 21.35995)|move
-1|(-26.32573, 3.589311, 21.42988)|move
-1|(-26.32573, 3.550459, 21.49981)|move
-1|(-26.32573, 3.511608, 21.56975)|move
-1|(-26.32573, 3.472756, 21.63968)|move
-1|(-26.32573, 3.433905, 21.70961)|move
-1|(-26.32573, 3.395053, 21.77954)|move
-1|(-26.32573, 3.356202, 21.84948)|move
-1|(-26.32573, 3.31735, 21.91941)|move
-1|(-26.32573, 3.278499, 21.98934)|move
-1|(-26.32573, 3.239647, 22.05928)|move
-1|(-26.32573, 3.200795, 22.12921)|move
-1|(-26.32573, 3.161943, 22.19914)|move
-1|(-26.32573, 3.123092, 22.26908)|move
-1|(-26.32573, 3.08424, 22.33901)|move
-1|(-26.32573, 3.045388, 22.40894)|move
-1|(-26.32573, 3.006536, 22.47887)|move
-1|(-26.32573, 2.967685, 22.54881)|move
-1|(-26.32573, 2.928833, 22.61874)|move
-1|(-26.32573, 2.889981, 22.68867)|move
-1|(-26.32573, 2.851128, 22.75861)|move
-1|(-26.32573, 2.84438, 22.77075)|move
-1|(-26.32573, 2.84438, 22.77075)|move
-1|(-26.26159, 2.801618, 22.79213)|move
-1|(-26.19745, 2.758856, 22.81351)|move
-1|(-26.13331, 2.716094, 22.8349)|move
-1|(-26.06916, 2.673333, 22.85628)|move
-1|(-26.00502, 2.630571, 22.87766)|move
-1|(-25.94088, 2.587809, 22.89904)|move
-1|(-25.87674, 2.545048, 22.92042)|move
-1|(-25.8126, 2.502286, 22.9418)|move
-1|(-25.74845, 2.459524, 22.96318)|move
-1|(-25.68431, 2.416763, 22.98456)|move
-1|(-25.62017, 2.374002, 23.00594)|move
-1|(-25.57573, 2.34438, 23.02075)|move
-1|(-25.49573, 2.34438, 23.02075)|move
-1|(-25.41573, 2.34438, 23.02075)|move
-1|(-25.33573, 2.34438, 23.02075)|move
-1|(-25.25573, 2.34438, 23.02075)|move
-1|(-25.17573, 2.34438, 23.02075)|move
-1|(-25.10907, 2.34438, 23.02075)|move
-1|(-25.02907, 2.34438, 23.02075)|move
-1|(-24.94907, 2.34438, 23.02075)|move
-1|(-24.86907, 2.34438, 23.02075)|move
-1|(-24.78907, 2.34438, 23.02075)|move
-1|(-24.70907, 2.34438, 23.02075)|move
-1|(-24.62907, 2.34438, 23.02075)|move
-1|(-24.55907, 2.34438, 23.02075)|move
-1|(-24.47907, 2.34438, 23.02075)|move
-1|(-24.39907, 2.34438, 23.02075)|move
-1|(-24.31907, 2.34438, 23.02075)|move
-1|(-24.23907, 2.34438, 23.02075)|move
-1|(-24.15907, 2.34438, 23.02075)|move
-1|(-24.07907, 2.34438, 23.02075)|move
-1|(-23.99907, 2.34438, 23.02075)|move
-1|(-23.91907, 2.34438, 23.02075)|move
-1|(-23.83907, 2.34438, 23.02075)|move
-1|(-23.75907, 2.34438, 23.02075)|move
-1|(-23.67907, 2.34438, 23.02075)|move
-1|(-23.59907, 2.34438, 23.02075)|move
-1|(-23.51907, 2.34438, 23.02075)|move
-1|(-23.43907, 2.34438, 23.02075)|move
-1|(-23.35907, 2.34438, 23.02075)|move
-1|(-23.27907, 2.34438, 23.02075)|move
-1|(-23.19907, 2.34438, 23.02075)|move
-1|(-23.11907, 2.34438, 23.02075)|move
-1|(-23.03907, 2.34438, 23.02075)|move
-1|(-22.95907, 2.34438, 23.02075)|move
-1|(-22.87907, 2.34438, 23.02075)|move
-1|(-22.79907, 2.34438, 23.02075)|move
-1|(-22.71907, 2.34438, 23.02075)|move
-1|(-22.63907, 2.34438, 23.02075)|move
-1|(-22.55907, 2.34438, 23.02075)|move
-1|(-22.47907, 2.34438, 23.02075)|move
-1|(-22.39907, 2.34438, 23.02075)|move
-1|(-22.31907, 2.34438, 23.02075)|move
-1|(-22.23907, 2.34438, 23.02075)|move
-1|(-22.15907, 2.34438, 23.02075)|move
-1|(-22.07907, 2.34438, 23.02075)|move
-1|(-21.99907, 2.34438, 23.02075)|move
-1|(-21.91907, 2.34438, 23.02075)|move
-1|(-21.83907, 2.34438, 23.02075)|move
-1|(-21.75907, 2.34438, 23.02075)|move
-1|(-21.67907, 2.34438, 23.02075)|move
-1|(-21.59907, 2.34438, 23.02075)|move
-1|(-21.51907, 2.34438, 23.02075)|move
-1|(-21.43907, 2.34438, 23.02075)|move
-1|(-21.35907, 2.34438, 23.02075)|move
-1|(-21.32573, 2.34438, 23.02075)|move
-1|(-21.24573, 2.34438, 23.02075)|move
-1|(-21.16573, 2.34438, 23.02075)|move
-1|(-21.08573, 2.34438, 23.02075)|move
-1|(-21.00573, 2.34438, 23.02075)|move
-1|(-20.92573, 2.34438, 23.02075)|move
-1|(-20.84573, 2.34438, 23.02075)|move
-1|(-20.76573, 2.34438, 23.02075)|move
-1|(-20.68573, 2.34438, 23.02075)|move
-1|(-20.60573, 2.34438, 23.02075)|move
-1|(-20.52573, 2.34438, 23.02075)|move
-1|(-20.44573, 2.34438, 23.02075)|move
-1|(-20.36573, 2.34438, 23.02075)|move
-1|(-20.28573, 2.34438, 23.02075)|move
-1|(-20.20573, 2.34438, 23.02075)|move
-1|(-20.12573, 2.34438, 23.02075)|move
-1|(-20.04573, 2.34438, 23.02075)|move
-1|(-19.96573, 2.34438, 23.02075)|move
-1|(-19.88573, 2.34438, 23.02075)|move
-1|(-19.80573, 2.34438, 23.02075)|move
-1|(-19.72573, 2.34438, 23.02075)|move
-1|(-19.64573, 2.34438, 23.02075)|move
-1|(-19.56573, 2.34438, 23.02075)|move
-1|(-19.48573, 2.34438, 23.02075)|move
-1|(-19.40574, 2.34438, 23.02075)|move
-1|(-19.32574, 2.34438, 23.02075)|move
-1|(-19.24574, 2.34438, 23.02075)|move
-1|(-19.16574, 2.34438, 23.02075)|move
-1|(-19.08574, 2.34438, 23.02075)|move
-1|(-19.00574, 2.34438, 23.02075)|move
-1|(-18.92574, 2.34438, 23.02075)|move
-1|(-18.84574, 2.34438, 23.02075)|move
-1|(-18.76574, 2.34438, 23.02075)|move
-1|(-18.68574, 2.34438, 23.02075)|move
-1|(-18.60574, 2.34438, 23.02075)|move
-1|(-18.52574, 2.34438, 23.02075)|move
-1|(-18.44574, 2.34438, 23.02075)|move
-1|(-18.36574, 2.34438, 23.02075)|move
-1|(-18.28574, 2.34438, 23.02075)|move
-1|(-18.20574, 2.34438, 23.02075)|move
-1|(-18.12574, 2.34438, 23.02075)|move
-1|(-18.04574, 2.34438, 23.02075)|move
-1|(-17.96574, 2.34438, 23.02075)|move
-1|(-17.88574, 2.34438, 23.02075)|move
-1|(-17.80574, 2.34438, 23.02075)|move
-1|(-17.72574, 2.34438, 23.02075)|move
-1|(-17.64574, 2.34438, 23.02075)|move
-1|(-17.64095, 2.34438, 23.02075)|move
-1|(-17.57573, 2.34438, 23.02075)|move
-1|(-17.49573, 2.34438, 23.02075)|move
-1|(-17.41573, 2.34438, 23.02075)|move
-1|(-17.33573, 2.34438, 23.02075)|move
-1|(-17.25573, 2.34438, 23.02075)|move
-1|(-17.20073, 2.34438, 23.02075)|move
-1|(-17.12073, 2.34438, 23.02075)|move
-1|(-17.04073, 2.34438, 23.02075)|move
-1|(-16.96073, 2.34438, 23.02075)|move
-1|(-16.88073, 2.34438, 23.02075)|move
-1|(-16.82573, 2.34438, 23.02075)|move
-1|(-16.74984, 2.34438, 23.04605)|move
-1|(-16.67394, 2.34438, 23.07135)|move
-1|(-16.59805, 2.34438, 23.09665)|move
-1|(-16.52215, 2.34438, 23.12195)|move
-1|(-16.44626, 2.34438, 23.14725)|move
-1|(-16.37036, 2.34438, 23.17254)|move
-1|(-16.29447, 2.34438, 23.19784)|move
-1|(-16.21857, 2.34438, 23.22314)|move
-1|(-16.14268, 2.34438, 23.24844)|move
-1|(-16.07573, 2.34438, 23.27075)|move
-1|(-16.04221, 2.34438, 23.34339)|move
-1|(-16.00868, 2.34438, 23.41603)|move
-1|(-15.97516, 2.34438, 23.48866)|move
-1|(-15.94163, 2.34438, 23.5613)|move
-1|(-15.90811, 2.34438, 23.63394)|move
-1|(-15.87458, 2.34438, 23.70658)|move
-1|(-15.84106, 2.34438, 23.77921)|move
-1|(-15.80754, 2.34438, 23.85185)|move
-1|(-15.77401, 2.34438, 23.92449)|move
-1|(-15.74049, 2.34438, 23.99713)|move
-1|(-15.72958, 2.34438, 24.02075)|move
-1|(-15.69606, 2.34438, 24.09339)|move
-1|(-15.66253, 2.34438, 24.16603)|move
-1|(-15.64489, 2.34438, 24.20426)|move
-1|(-15.61136, 2.34438, 24.2769)|move
-1|(-15.57784, 2.34438, 24.34954)|move
-1|(-15.54431, 2.34438, 24.42218)|move
-1|(-15.51079, 2.34438, 24.49481)|move
-1|(-15.47726, 2.34438, 24.56745)|move
-1|(-15.44374, 2.34438, 24.64009)|move
-1|(-15.41021, 2.34438, 24.71272)|move
-1|(-15.37669, 2.34438, 24.78536)|move
-1|(-15.34316, 2.34438, 24.858)|move
-1|(-15.32574, 2.34438, 24.89575)|move
-1|(-15.29221, 2.34438, 24.96839)|move
-1|(-15.25869, 2.34438, 25.04103)|move
-1|(-15.22516, 2.34438, 25.11366)|move
-1|(-15.19164, 2.34438, 25.1863)|move
-1|(-15.15811, 2.34438, 25.25894)|move
-1|(-15.12459, 2.34438, 25.33158)|move
-1|(-15.09107, 2.34438, 25.40421)|move
-1|(-15.05754, 2.34438, 25.47685)|move
-1|(-15.02402, 2.34438, 25.54949)|move
-1|(-14.99049, 2.34438, 25.62212)|move
-1|(-14.95697, 2.34438, 25.69476)|move
-1|(-14.92344, 2.34438, 25.7674)|move
-1|(-14.88992, 2.34438, 25.84003)|move
-1|(-14.85639, 2.34438, 25.91267)|move
-1|(-14.82287, 2.34438, 25.98531)|move
-1|(-14.79002, 2.34438, 26.05646)|move
-1|(-14.7565, 2.34438, 26.1291)|move
-1|(-14.72297, 2.34438, 26.20174)|move
-1|(-14.68945, 2.34438, 26.27437)|move
-1|(-14.65593, 2.34438, 26.34701)|move
-1|(-14.6224, 2.34438, 26.41965)|move
-1|(-14.58888, 2.34438, 26.49229)|move
-1|(-14.55535, 2.34438, 26.56492)|move
-1|(-14.52183, 2.34438, 26.63756)|move
-1|(-14.4883, 2.34438, 26.7102)|move
-1|(-14.45478, 2.34438, 26.78284)|move
-1|(-14.42125, 2.34438, 26.85547)|move
-1|(-14.38773, 2.34438, 26.92811)|move
-1|(-14.35421, 2.34438, 27.00075)|move
-1|(-14.32068, 2.34438, 27.07339)|move
-1|(-14.28716, 2.34438, 27.14602)|move
-1|(-14.25363, 2.34438, 27.21866)|move
-1|(-14.22011, 2.34438, 27.29129)|move
-1|(-14.18658, 2.34438, 27.36393)|move
-1|(-14.15306, 2.34438, 27.43657)|move
-1|(-14.11953, 2.34438, 27.5092)|move
-1|(-14.08601, 2.34438, 27.58184)|move
-1|(-14.05248, 2.34438, 27.65447)|move
-1|(-14.01896, 2.34438, 27.72711)|move
-1|(-13.98544, 2.34438, 27.79974)|move
-1|(-13.95191, 2.34438, 27.87238)|move
-1|(-13.91839, 2.34438, 27.94501)|move
-1|(-13.88486, 2.34438, 28.01765)|move
-1|(-13.85134, 2.34438, 28.09029)|move
-1|(-13.81781, 2.34438, 28.16292)|move
-1|(-13.78429, 2.34438, 28.23556)|move
-1|(-13.75076, 2.34438, 28.30819)|move
-1|(-13.71724, 2.34438, 28.38083)|move
-1|(-13.70731, 2.34438, 28.40233)|move
-1|(-13.67379, 2.34438, 28.47497)|move
-1|(-13.64027, 2.34438, 28.54761)|move
-1|(-13.60674, 2.34438, 28.62024)|move
-1|(-13.57322, 2.34438, 28.69288)|move
-1|(-13.53969, 2.34438, 28.76552)|move
-1|(-13.50617, 2.34438, 28.83816)|move
-1|(-13.47264, 2.34438, 28.91079)|move
-1|(-13.43912, 2.34438, 28.98343)|move
-1|(-13.40559, 2.34438, 29.05606)|move
-1|(-13.37207, 2.34438, 29.1287)|move
1596|(-13.33854, 2.34438, 29.20134)|move
-1|(-13.34681, 2.34438, 29.28091)|move
-1|(-13.35507, 2.34438, 29.36048)|move
-1|(-13.36333, 2.34438, 29.44006)|move
-1|(-13.37159, 2.34438, 29.51963)|move
-1|(-13.37986, 2.34438, 29.5992)|move
-1|(-13.38812, 2.34438, 29.67877)|move
-1|(-13.39638, 2.34438, 29.75835)|move
-1|(-13.40464, 2.34438, 29.83792)|move
-1|(-13.41267, 2.34438, 29.91515)|move
-1|(-13.42093, 2.34438, 29.99472)|move
-1|(-13.42161, 2.34438, 30.00134)|move
-1|(-13.42988, 2.34438, 30.08091)|move
-1|(-13.43814, 2.34438, 30.16048)|move
-1|(-13.4464, 2.34438, 30.24006)|move
-1|(-13.45467, 2.34438, 30.31963)|move
-1|(-13.46293, 2.34438, 30.3992)|move
-1|(-13.47119, 2.34438, 30.47878)|move
-1|(-13.47945, 2.34438, 30.55835)|move
-1|(-13.48772, 2.34438, 30.63792)|move
-1|(-13.49598, 2.34438, 30.71749)|move
-1|(-13.50424, 2.34438, 30.79707)|move
-1|(-13.5125, 2.34438, 30.87664)|move
-1|(-13.52077, 2.34438, 30.95621)|move
-1|(-13.52903, 2.34438, 31.03578)|move
-1|(-13.53729, 2.34438, 31.11536)|move
-1|(-13.54555, 2.34438, 31.19493)|move
-1|(-13.55382, 2.34438, 31.2745)|move
-1|(-13.56208, 2.34438, 31.35407)|move
-1|(-13.57034, 2.34438, 31.43365)|move
-1|(-13.5786, 2.34438, 31.51322)|move
-1|(-13.58687, 2.34438, 31.59279)|move
-1|(-13.59513, 2.34438, 31.67237)|move
-1|(-13.60339, 2.34438, 31.75194)|move
-1|(-13.61166, 2.34438, 31.83151)|move
-1|(-13.61992, 2.34438, 31.91108)|move
-1|(-13.62818, 2.34438, 31.99066)|move
-1|(-13.63161, 2.34438, 32.0237)|move
-1|(-13.63987, 2.34438, 32.10327)|move
-1|(-13.64814, 2.34438, 32.18284)|move
-1|(-13.6564, 2.34438, 32.26241)|move
-1|(-13.65726, 2.34438, 32.27075)|move
-1|(-13.66553, 2.34438, 32.35032)|move
-1|(-13.67379, 2.34438, 32.42989)|move
-1|(-13.68205, 2.34438, 32.50946)|move
-1|(-13.69032, 2.34438, 32.58904)|move
-1|(-13.69858, 2.34438, 32.66861)|move
-1|(-13.70684, 2.34438, 32.74818)|move
-1|(-13.7151, 2.34438, 32.82775)|move
-1|(-13.72336, 2.34438, 32.90732)|move
-1|(-13.73163, 2.34438, 32.98689)|move
-1|(-13.73418, 2.34438, 33.01151)|move
-1|(-13.74245, 2.34438, 33.09108)|move
-1|(-13.75071, 2.34438, 33.17065)|move
-1|(-13.75897, 2.34438, 33.25022)|move
-1|(-13.76723, 2.34438, 33.32979)|move
-1|(-13.7755, 2.34438, 33.40936)|move
-1|(-13.78376, 2.34438, 33.48893)|move
-1|(-13.79202, 2.34438, 33.5685)|move
-1|(-13.80028, 2.34438, 33.64808)|move
-1|(-13.80855, 2.34438, 33.72765)|move
-1|(-13.81681, 2.34438, 33.80722)|move
-1|(-13.82507, 2.34438, 33.88679)|move
-1|(-13.83333, 2.34438, 33.96636)|move
-1|(-13.83357, 2.34438, 33.96868)|move
-1|(-13.84184, 2.34438, 34.04825)|move
-1|(-13.8501, 2.34438, 34.12782)|move
-1|(-13.85836, 2.34438, 34.20739)|move
-1|(-13.86662, 2.34438, 34.28696)|move
-1|(-13.87489, 2.34438, 34.36654)|move
-1|(-13.88315, 2.34438, 34.44611)|move
-1|(-13.89141, 2.34438, 34.52568)|move
-1|(-13.89968, 2.34438, 34.60525)|move
-1|(-13.90794, 2.34438, 34.68482)|move
-1|(-13.9162, 2.34438, 34.76439)|move
-1|(-13.92446, 2.34438, 34.84396)|move
-1|(-13.9268, 2.34438, 34.8665)|move
-1|(-13.93506, 2.34438, 34.94607)|move
-1|(-13.94333, 2.34438, 35.02564)|move
-1|(-13.95159, 2.34438, 35.10521)|move
-1|(-13.95985, 2.34438, 35.18478)|move
-1|(-13.96811, 2.34438, 35.26435)|move
-1|(-13.97638, 2.34438, 35.34393)|move
-1|(-13.98464, 2.34438, 35.4235)|move
-1|(-13.9929, 2.34438, 35.50307)|move
-1|(-13.9955, 2.34438, 35.52809)|move
-1|(-14.00376, 2.34438, 35.60766)|move
-1|(-14.01202, 2.34438, 35.68723)|move
-1|(-14.02029, 2.34438, 35.7668)|move
-1|(-14.02855, 2.34438, 35.84637)|move
-1|(-14.03681, 2.34438, 35.92595)|move
-1|(-14.04508, 2.34438, 36.00552)|move
-1|(-14.05334, 2.34438, 36.08509)|move
-1|(-14.0616, 2.34438, 36.16466)|move
-1|(-14.06986, 2.34438, 36.24423)|move
-1|(-14.07812, 2.34438, 36.3238)|move
-1|(-14.08639, 2.34438, 36.40337)|move
-1|(-14.09465, 2.34438, 36.48294)|move
1694|(-14.09768, 2.34438, 36.51212)|move
1695|(-14.09768, 2.34438, 36.51212)|move
-1|(-14.01768, 2.34438, 36.51182)|move
-1|(-13.93768, 2.34438, 36.51152)|move
-1|(-13.85768, 2.34438, 36.51122)|move
-1|(-13.77768, 2.34438, 36.51093)|move
-1|(-13.69768, 2.34438, 36.51063)|move
-1|(-13.61768, 2.34438, 36.51033)|move
-1|(-13.53768, 2.34438, 36.51003)|move
-1|(-13.45768, 2.34438, 36.50973)|move
-1|(-13.37769, 2.34438, 36.50943)|move
-1|(-13.29769, 2.34438, 36.50913)|move
-1|(-13.21769, 2.34438, 36.50883)|move
-1|(-13.13769, 2.34438, 36.50853)|move
-1|(-13.05769, 2.34438, 36.50823)|move
-1|(-12.97769, 2.34438, 36.50793)|move
-1|(-12.94264, 2.34438, 36.5078)|move
-1|(-12.86264, 2.34438, 36.5075)|move
-1|(-12.78264, 2.34438, 36.50721)|move
-1|(-12.70264, 2.34438, 36.50691)|move
-1|(-12.62264, 2.34438, 36.50661)|move
-1|(-12.54264, 2.34438, 36.50631)|move
-1|(-12.46265, 2.34438, 36.50602)|move
-1|(-12.38265, 2.34438, 36.50572)|move
-1|(-12.30265, 2.34438, 36.50542)|move
-1|(-12.22265, 2.34438, 36.50512)|move
-1|(-12.14265, 2.34438, 36.50483)|move
-1|(-12.06265, 2.34438, 36.50453)|move
-1|(-11.98265, 2.34438, 36.50423)|move
-1|(-11.90265, 2.34438, 36.50393)|move
-1|(-11.82265, 2.34438, 36.50364)|move
-1|(-11.74265, 2.34438, 36.50334)|move
-1|(-11.66265, 2.34438, 36.50304)|move
-1|(-11.58266, 2.34438, 36.50274)|move
-1|(-11.50266, 2.34438, 36.50245)|move
-1|(-11.42266, 2.34438, 36.50215)|move
-1|(-11.34266, 2.34438, 36.50185)|move
-1|(-11.26266, 2.34438, 36.50155)|move
-1|(-11.18266, 2.34438, 36.50125)|move
-1|(-11.10266, 2.34438, 36.50095)|move
-1|(-11.02266, 2.34438, 36.50065)|move
-1|(-10.94619, 2.34438, 36.50036)|move
-1|(-10.86619, 2.34438, 36.50006)|move
-1|(-10.78619, 2.34438, 36.49977)|move
-1|(-10.70619, 2.34438, 36.49947)|move
-1|(-10.62619, 2.34438, 36.49917)|move
-1|(-10.54619, 2.34438, 36.49887)|move
-1|(-10.46619, 2.34438, 36.49857)|move
-1|(-10.38619, 2.34438, 36.49827)|move
-1|(-10.30619, 2.34438, 36.49797)|move
-1|(-10.2262, 2.34438, 36.49767)|move
-1|(-10.1462, 2.34438, 36.49738)|move
-1|(-10.0662, 2.34438, 36.49707)|move
-1|(-9.986198, 2.34438, 36.49678)|move
-1|(-9.959762, 2.34438, 36.49668)|move
-1|(-9.879763, 2.34438, 36.49638)|move
-1|(-9.799764, 2.34438, 36.49608)|move
-1|(-9.719765, 2.34438, 36.49578)|move
-1|(-9.639765, 2.34438, 36.49549)|move
-1|(-9.559766, 2.34438, 36.49519)|move
-1|(-9.479767, 2.34438, 36.49489)|move
-1|(-9.399768, 2.34438, 36.49459)|move
-1|(-9.319769, 2.34438, 36.4943)|move
-1|(-9.239769, 2.34438, 36.494)|move
-1|(-9.159769, 2.34438, 36.4937)|move
-1|(-9.07977, 2.34438, 36.4934)|move
-1|(-8.999771, 2.34438, 36.49311)|move
-1|(-8.919772, 2.34438, 36.49281)|move
-1|(-8.839773, 2.34438, 36.49251)|move
-1|(-8.759774, 2.34438, 36.49221)|move
-1|(-8.679775, 2.34438, 36.49192)|move
-1|(-8.599776, 2.34438, 36.49162)|move
-1|(-8.519777, 2.34438, 36.49132)|move
-1|(-8.439778, 2.34438, 36.49102)|move
-1|(-8.359779, 2.34438, 36.49073)|move
-1|(-8.27978, 2.34438, 36.49043)|move
-1|(-8.199781, 2.34438, 36.49013)|move
-1|(-8.119782, 2.34438, 36.48983)|move
-1|(-8.039783, 2.34438, 36.48953)|move
-1|(-7.959784, 2.34438, 36.48923)|move
-1|(-7.879785, 2.34438, 36.48893)|move
-1|(-7.799785, 2.34438, 36.48863)|move
-1|(-7.719786, 2.34438, 36.48833)|move
-1|(-7.639786, 2.34438, 36.48803)|move
-1|(-7.559787, 2.34438, 36.48773)|move
-1|(-7.479787, 2.34438, 36.48743)|move
1780|(-7.444484, 2.34438, 36.4873)|move
