0|(-16.62471, 8.728461, 144.3457)|move
-1|(-16.62471, 8.808461, 144.3457)|move
-1|(-16.62471, 8.888461, 144.3457)|move
-1|(-16.61971, 8.903759, 144.2674)|move
-1|(-16.61471, 8.919057, 144.189)|move
-1|(-16.6097, 8.934356, 144.1106)|move
-1|(-16.60461, 8.934386, 144.0308)|move
-1|(-16.59952, 8.934417, 143.951)|move
-1|(-16.59442, 8.934447, 143.8711)|move
-1|(-16.58933, 8.934478, 143.7913)|move
-1|(-16.58423, 8.934508, 143.7115)|move
-1|(-16.57914, 8.934539, 143.6316)|move
-1|(-16.57404, 8.934569, 143.5518)|move
-1|(-16.56895, 8.9346, 143.472)|move
-1|(-16.56385, 8.93463, 143.3921)|move
-1|(-16.55876, 8.934661, 143.3123)|move
-1|(-16.55367, 8.934691, 143.2325)|move
-1|(-16.54857, 8.934722, 143.1526)|move
-1|(-16.54348, 8.934752, 143.0728)|move
-1|(-16.53838, 8.934783, 142.993)|move
-1|(-16.53329, 8.934813, 142.9131)|move
-1|(-16.52819, 8.934844, 142.8333)|move
-1|(-16.5231, 8.934875, 142.7534)|move
-1|(-16.518, 8.934905, 142.6736)|move
-1|(-16.51291, 8.934936, 142.5938)|move
-1|(-16.50781, 8.934966, 142.5139)|move
-1|(-16.50272, 8.934997, 142.4341)|move
-1|(-16.49763, 8.935027, 142.3543)|move
-1|(-16.49253, 8.935058, 142.2744)|move
-1|(-16.48744, 8.935088, 142.1946)|move
-1|(-16.48234, 8.935119, 142.1148)|move
-1|(-16.47725, 8.935149, 142.0349)|move
-1|(-16.47215, 8.93518, 141.9551)|move
-1|(-16.46705, 8.93521, 141.8753)|move
-1|(-16.46196, 8.935241, 141.7954)|move
-1|(-16.45687, 8.935271, 141.7156)|move
-1|(-16.45177, 8.935302, 141.6358)|move
-1|(-16.44667, 8.935332, 141.5559)|move
-1|(-16.44158, 8.935363, 141.4761)|move
-1|(-16.43648, 8.935393, 141.3963)|move
-1|(-16.43139, 8.935424, 141.3164)|move
-1|(-16.42629, 8.935454, 141.2366)|move
-1|(-16.4212, 8.935485, 141.1568)|move
-1|(-16.4161, 8.935516, 141.0769)|move
-1|(-16.41101, 8.935547, 140.9971)|move
-1|(-16.40591, 8.935578, 140.9173)|move
-1|(-16.40082, 8.935609, 140.8374)|move
-1|(-16.39572, 8.93564, 140.7576)|move
-1|(-16.39063, 8.935671, 140.6778)|move
-1|(-16.38553, 8.935702, 140.5979)|move
-1|(-16.38044, 8.935733, 140.5181)|move
-1|(-16.37534, 8.935764, 140.4383)|move
-1|(-16.37024, 8.935795, 140.3584)|move
-1|(-16.36515, 8.935826, 140.2786)|move
-1|(-16.36005, 8.935857, 140.1988)|move
-1|(-16.35496, 8.935888, 140.1189)|move
-1|(-16.34986, 8.935919, 140.0391)|move
-1|(-16.34477, 8.93595, 139.9593)|move
-1|(-16.33967, 8.935981, 139.8794)|move
-1|(-16.33458, 8.936012, 139.7996)|move
-1|(-16.32948, 8.936043, 139.7198)|move
-1|(-16.32439, 8.936074, 139.6399)|move
-1|(-16.31929, 8.936105, 139.5601)|move
-1|(-16.3142, 8.936136, 139.4803)|move
-1|(-16.3091, 8.936167, 139.4004)|move
-1|(-16.30401, 8.936198, 139.3206)|move
-1|(-16.29891, 8.936229, 139.2408)|move
-1|(-16.29382, 8.93626, 139.1609)|move
-1|(-16.28872, 8.936291, 139.0811)|move
-1|(-16.28363, 8.936322, 139.0013)|move
-1|(-16.27853, 8.936353, 138.9214)|move
-1|(-16.27344, 8.936384, 138.8416)|move
-1|(-16.26834, 8.936415, 138.7617)|move
-1|(-16.26324, 8.936446, 138.6819)|move
-1|(-16.25815, 8.936477, 138.6021)|move
-1|(-16.25305, 8.936508, 138.5222)|move
-1|(-16.24796, 8.936509, 138.4424)|move
-1|(-16.24286, 8.93651, 138.3626)|move
-1|(-16.23777, 8.936511, 138.2827)|move
-1|(-16.23268, 8.936512, 138.2029)|move
-1|(-16.22758, 8.936513, 138.1231)|move
-1|(-16.22249, 8.936514, 138.0432)|move
-1|(-16.21739, 8.936515, 137.9634)|move
-1|(-16.2123, 8.936516, 137.8836)|move
-1|(-16.2072, 8.936517, 137.8037)|move
-1|(-16.20211, 8.936518, 137.7239)|move
-1|(-16.19701, 8.936519, 137.6441)|move
-1|(-16.19192, 8.93652, 137.5642)|move
-1|(-16.18682, 8.93652, 137.4844)|move
-1|(-16.18173, 8.93652, 137.4046)|move
-1|(-16.17663, 8.93652, 137.3247)|move
-1|(-16.17154, 8.93652, 137.2449)|move
-1|(-16.16644, 8.93652, 137.1651)|move
-1|(-16.16135, 8.93652, 137.0852)|move
-1|(-16.15625, 8.93652, 137.0054)|move
-1|(-16.15116, 8.93652, 136.9256)|move
-1|(-16.14606, 8.93652, 136.8457)|move
-1|(-16.14097, 8.93652, 136.7659)|move
-1|(-16.13587, 8.93652, 136.6861)|move
-1|(-16.13078, 8.93652, 136.6062)|move
-1|(-16.12568, 8.93652, 136.5264)|move
-1|(-16.12059, 8.93652, 136.4466)|move
-1|(-16.11549, 8.93652, 136.3667)|move
-1|(-16.1104, 8.93652, 136.2869)|move
-1|(-16.1053, 8.93652, 136.2071)|move
-1|(-16.10021, 8.93652, 136.1272)|move
-1|(-16.09511, 8.93652, 136.0474)|move
-1|(-16.09002, 8.93652, 135.9676)|move
-1|(-16.08492, 8.93652, 135.8877)|move
-1|(-16.07983, 8.93652, 135.8079)|move
-1|(-16.07473, 8.93652, 135.7281)|move
-1|(-16.06964, 8.93652, 135.6482)|move
-1|(-16.06454, 8.93652, 135.5684)|move
-1|(-16.05945, 8.93652, 135.4886)|move
-1|(-16.05435, 8.93652, 135.4087)|move
-1|(-16.04926, 8.93652, 135.3289)|move
-1|(-16.04416, 8.93652, 135.2491)|move
-1|(-16.03907, 8.93652, 135.1692)|move
-1|(-16.03397, 8.93652, 135.0894)|move
-1|(-16.02888, 8.93652, 135.0096)|move
-1|(-16.02378, 8.93652, 134.9297)|move
-1|(-16.01869, 8.93652, 134.8499)|move
-1|(-16.01359, 8.93652, 134.7701)|move
-1|(-16.0085, 8.93652, 134.6902)|move
-1|(-16.0034, 8.93652, 134.6104)|move
-1|(-15.99831, 8.93652, 134.5305)|move
-1|(-15.99321, 8.93652, 134.4507)|move
-1|(-15.98812, 8.93652, 134.3709)|move
-1|(-15.98302, 8.93652, 134.291)|move
-1|(-15.97793, 8.93652, 134.2112)|move
-1|(-15.97283, 8.93652, 134.1314)|move
-1|(-15.96774, 8.93652, 134.0515)|move
-1|(-15.96264, 8.93652, 133.9717)|move
-1|(-15.95755, 8.93652, 133.8919)|move
-1|(-15.95245, 8.93652, 133.812)|move
-1|(-15.94736, 8.93652, 133.7322)|move
-1|(-15.94226, 8.93652, 133.6524)|move
-1|(-15.93717, 8.93652, 133.5725)|move
-1|(-15.93207, 8.93652, 133.4927)|move
-1|(-15.92698, 8.93652, 133.4129)|move
-1|(-15.92188, 8.93652, 133.333)|move
-1|(-15.91679, 8.93652, 133.2532)|move
-1|(-15.91169, 8.93652, 133.1734)|move
-1|(-15.9066, 8.93652, 133.0935)|move
-1|(-15.9015, 8.93652, 133.0137)|move
-1|(-15.89641, 8.93652, 132.9339)|move
-1|(-15.89131, 8.93652, 132.854)|move
-1|(-15.88622, 8.93652, 132.7742)|move
-1|(-15.88112, 8.93652, 132.6944)|move
-1|(-15.87603, 8.93652, 132.6145)|move
-1|(-15.87093, 8.93652, 132.5347)|move
-1|(-15.86584, 8.93652, 132.4549)|move
-1|(-15.86074, 8.93652, 132.375)|move
-1|(-15.85565, 8.93652, 132.2952)|move
-1|(-15.85055, 8.93652, 132.2154)|move
-1|(-15.84545, 8.93652, 132.1355)|move
-1|(-15.84036, 8.93652, 132.0557)|move
-1|(-15.83526, 8.93652, 131.9759)|move
-1|(-15.83017, 8.93652, 131.896)|move
-1|(-15.82507, 8.93652, 131.8162)|move
-1|(-15.81998, 8.93652, 131.7364)|move
-1|(-15.81488, 8.93652, 131.6565)|move
-1|(-15.80979, 8.93652, 131.5767)|move
-1|(-15.80469, 8.93652, 131.4969)|move
-1|(-15.79959, 8.93652, 131.417)|move
-1|(-15.7945, 8.93652, 131.3372)|move
-1|(-15.7894, 8.93652, 131.2574)|move
-1|(-15.78431, 8.93652, 131.1775)|move
-1|(-15.77921, 8.93652, 131.0977)|move
-1|(-15.77412, 8.93652, 131.0179)|move
-1|(-15.76903, 8.93652, 130.938)|move
-1|(-15.76393, 8.93652, 130.8582)|move
-1|(-15.75884, 8.93652, 130.7784)|move
-1|(-15.75374, 8.93652, 130.6985)|move
-1|(-15.74865, 8.93652, 130.6187)|move
-1|(-15.74355, 8.93652, 130.5388)|move
-1|(-15.73846, 8.93652, 130.459)|move
-1|(-15.73336, 8.93652, 130.3792)|move
-1|(-15.72827, 8.93652, 130.2993)|move
-1|(-15.72317, 8.93652, 130.2195)|move
-1|(-15.71808, 8.93652, 130.1397)|move
-1|(-15.71298, 8.93652, 130.0598)|move
-1|(-15.70789, 8.93652, 129.98)|move
-1|(-15.70279, 8.93652, 129.9002)|move
-1|(-15.6977, 8.93652, 129.8203)|move
-1|(-15.6926, 8.93652, 129.7405)|move
-1|(-15.68751, 8.93652, 129.6607)|move
-1|(-15.68242, 8.93652, 129.5808)|move
-1|(-15.67732, 8.93652, 129.501)|move
-1|(-15.67222, 8.93652, 129.4212)|move
-1|(-15.66713, 8.93652, 129.3413)|move
-1|(-15.66203, 8.93652, 129.2615)|move
-1|(-15.65694, 8.93652, 129.1817)|move
-1|(-15.65185, 8.93652, 129.1018)|move
-1|(-15.64675, 8.93652, 129.022)|move
-1|(-15.64166, 8.93652, 128.9422)|move
-1|(-15.63656, 8.93652, 128.8623)|move
-1|(-15.63147, 8.93652, 128.7825)|move
-1|(-15.62637, 8.93652, 128.7027)|move
-1|(-15.62128, 8.93652, 128.6228)|move
-1|(-15.61618, 8.93652, 128.543)|move
-1|(-15.61109, 8.93652, 128.4632)|move
-1|(-15.60599, 8.93652, 128.3833)|move
-1|(-15.6009, 8.93652, 128.3035)|move
-1|(-15.5958, 8.93652, 128.2237)|move
-1|(-15.59071, 8.93652, 128.1438)|move
-1|(-15.58561, 8.93652, 128.064)|move
-1|(-15.58051, 8.93652, 127.9842)|move
-1|(-15.57542, 8.93652, 127.9043)|move
-1|(-15.57032, 8.93652, 127.8245)|move
-1|(-15.56523, 8.93652, 127.7447)|move
-1|(-15.56013, 8.93652, 127.6648)|move
-1|(-15.55504, 8.93652, 127.585)|move
-1|(-15.54994, 8.93652, 127.5052)|move
-1|(-15.54485, 8.93652, 127.4253)|move
-1|(-15.53975, 8.93652, 127.3455)|move
-1|(-15.53466, 8.93652, 127.2657)|move
-1|(-15.52956, 8.93652, 127.1858)|move
-1|(-15.52447, 8.93652, 127.106)|move
-1|(-15.51937, 8.93652, 127.0262)|move
-1|(-15.51428, 8.93652, 126.9463)|move
-1|(-15.50918, 8.93652, 126.8665)|move
-1|(-15.50409, 8.93652, 126.7867)|move
-1|(-15.49899, 8.93652, 126.7068)|move
-1|(-15.4939, 8.93652, 126.627)|move
-1|(-15.4888, 8.93652, 126.5471)|move
-1|(-15.48371, 8.93652, 126.4673)|move
-1|(-15.47861, 8.93652, 126.3875)|move
-1|(-15.47352, 8.93652, 126.3076)|move
-1|(-15.46842, 8.93652, 126.2278)|move
-1|(-15.46333, 8.93652, 126.148)|move
-1|(-15.45823, 8.93652, 126.0681)|move
-1|(-15.45314, 8.93652, 125.9883)|move
-1|(-15.44805, 8.93652, 125.9085)|move
-1|(-15.44295, 8.93652, 125.8286)|move
-1|(-15.43786, 8.93652, 125.7488)|move
-1|(-15.43276, 8.93652, 125.669)|move
-1|(-15.42767, 8.93652, 125.5891)|move
-1|(-15.42257, 8.93652, 125.5093)|move
-1|(-15.41748, 8.93652, 125.4295)|move
-1|(-15.41238, 8.93652, 125.3496)|move
-1|(-15.40729, 8.93652, 125.2698)|move
-1|(-15.40219, 8.93652, 125.19)|move
-1|(-15.3971, 8.93652, 125.1101)|move
-1|(-15.392, 8.93652, 125.0303)|move
-1|(-15.38691, 8.93652, 124.9505)|move
-1|(-15.38181, 8.93652, 124.8706)|move
-1|(-15.37671, 8.93652, 124.7908)|move
-1|(-15.37162, 8.93652, 124.711)|move
-1|(-15.36652, 8.93652, 124.6311)|move
-1|(-15.36143, 8.93652, 124.5513)|move
-1|(-15.35633, 8.93652, 124.4715)|move
-1|(-15.35124, 8.93652, 124.3916)|move
-1|(-15.34614, 8.93652, 124.3118)|move
-1|(-15.34105, 8.93652, 124.232)|move
-1|(-15.33595, 8.93652, 124.1521)|move
-1|(-15.33086, 8.93652, 124.0723)|move
-1|(-15.32576, 8.93652, 123.9925)|move
-1|(-15.32066, 8.93652, 123.9126)|move
-1|(-15.31557, 8.93652, 123.8328)|move
-1|(-15.31047, 8.93652, 123.753)|move
-1|(-15.30538, 8.93652, 123.6731)|move
-1|(-15.30028, 8.93652, 123.5933)|move
-1|(-15.29519, 8.93652, 123.5135)|move
-1|(-15.29009, 8.93652, 123.4336)|move
-1|(-15.285, 8.93652, 123.3538)|move
-1|(-15.2799, 8.93652, 123.274)|move
-1|(-15.27481, 8.93652, 123.1941)|move
-1|(-15.26971, 8.93652, 123.1143)|move
-1|(-15.26461, 8.93652, 123.0345)|move
-1|(-15.25952, 8.93652, 122.9546)|move
-1|(-15.25442, 8.93652, 122.8748)|move
-1|(-15.24933, 8.93652, 122.795)|move
-1|(-15.24423, 8.93652, 122.7151)|move
-1|(-15.23914, 8.93652, 122.6353)|move
-1|(-15.23404, 8.93652, 122.5555)|move
-1|(-15.22895, 8.93652, 122.4756)|move
-1|(-15.22385, 8.93652, 122.3958)|move
-1|(-15.21876, 8.93652, 122.3159)|move
-1|(-15.21366, 8.93652, 122.2361)|move
-1|(-15.20857, 8.93652, 122.1563)|move
-1|(-15.20347, 8.93652, 122.0764)|move
-1|(-15.19838, 8.93652, 121.9966)|move
-1|(-15.19328, 8.93652, 121.9168)|move
-1|(-15.18819, 8.93652, 121.8369)|move
-1|(-15.18309, 8.93652, 121.7571)|move
-1|(-15.178, 8.93652, 121.6773)|move
-1|(-15.1729, 8.93652, 121.5974)|move
-1|(-15.16781, 8.93652, 121.5176)|move
-1|(-15.16271, 8.93652, 121.4378)|move
-1|(-15.15762, 8.93652, 121.3579)|move
-1|(-15.15252, 8.93652, 121.2781)|move
-1|(-15.14743, 8.93652, 121.1983)|move
-1|(-15.14233, 8.93652, 121.1184)|move
-1|(-15.13724, 8.93652, 121.0386)|move
-1|(-15.13214, 8.93652, 120.9588)|move
-1|(-15.12705, 8.93652, 120.8789)|move
-1|(-15.12195, 8.93652, 120.7991)|move
-1|(-15.11686, 8.93652, 120.7193)|move
-1|(-15.11177, 8.93652, 120.6394)|move
-1|(-15.10667, 8.93652, 120.5596)|move
-1|(-15.10158, 8.93652, 120.4798)|move
-1|(-15.09648, 8.93652, 120.3999)|move
-1|(-15.09139, 8.93652, 120.3201)|move
-1|(-15.08629, 8.93652, 120.2403)|move
-1|(-15.0812, 8.93652, 120.1604)|move
-1|(-15.0761, 8.93652, 120.0806)|move
-1|(-15.07101, 8.93652, 120.0008)|move
-1|(-15.06591, 8.93652, 119.9209)|move
-1|(-15.06082, 8.93652, 119.8411)|move
-1|(-15.05572, 8.93652, 119.7613)|move
-1|(-15.05063, 8.93652, 119.6814)|move
-1|(-15.04553, 8.93652, 119.6016)|move
-1|(-15.04044, 8.93652, 119.5218)|move
-1|(-15.03534, 8.93652, 119.4419)|move
-1|(-15.03025, 8.93652, 119.3621)|move
-1|(-15.02515, 8.93652, 119.2823)|move
-1|(-15.02006, 8.93652, 119.2024)|move
-1|(-15.01497, 8.93652, 119.1226)|move
-1|(-15.00987, 8.93652, 119.0428)|move
-1|(-15.00478, 8.93652, 118.9629)|move
-1|(-14.99968, 8.93652, 118.8831)|move
-1|(-14.99459, 8.93652, 118.8033)|move
-1|(-14.98949, 8.93652, 118.7234)|move
-1|(-14.9844, 8.93652, 118.6436)|move
-1|(-14.9793, 8.93652, 118.5638)|move
-1|(-14.97421, 8.93652, 118.4839)|move
-1|(-14.96911, 8.93652, 118.4041)|move
-1|(-14.96402, 8.93652, 118.3242)|move
-1|(-14.95892, 8.93652, 118.2444)|move
-1|(-14.95383, 8.93652, 118.1646)|move
-1|(-14.94873, 8.93652, 118.0847)|move
-1|(-14.94364, 8.93652, 118.0049)|move
-1|(-14.93854, 8.93652, 117.9251)|move
-1|(-14.93345, 8.93652, 117.8452)|move
-1|(-14.92835, 8.93652, 117.7654)|move
-1|(-14.92326, 8.93652, 117.6856)|move
-1|(-14.91816, 8.93652, 117.6057)|move
-1|(-14.91307, 8.93652, 117.5259)|move
-1|(-14.90797, 8.93652, 117.4461)|move
-1|(-14.90288, 8.93652, 117.3662)|move
-1|(-14.89779, 8.93652, 117.2864)|move
-1|(-14.89269, 8.93652, 117.2066)|move
-1|(-14.8876, 8.93652, 117.1267)|move
-1|(-14.8825, 8.93652, 117.0469)|move
-1|(-14.87741, 8.93652, 116.9671)|move
-1|(-14.87231, 8.93652, 116.8872)|move
-1|(-14.86722, 8.93652, 116.8074)|move
-1|(-14.86212, 8.93652, 116.7276)|move
-1|(-14.85703, 8.93652, 116.6477)|move
-1|(-14.85193, 8.93652, 116.5679)|move
-1|(-14.84684, 8.93652, 116.4881)|move
-1|(-14.84174, 8.93652, 116.4082)|move
-1|(-14.83665, 8.93652, 116.3284)|move
-1|(-14.83155, 8.93652, 116.2486)|move
-1|(-14.82646, 8.93652, 116.1687)|move
-1|(-14.82136, 8.93652, 116.0889)|move
357|(-14.81858, 8.93652, 116.0453)|move
358|(-14.89193, 8.93652, 116.0134)|move
-1|(-14.96528, 8.93652, 115.9814)|move
-1|(-15.03863, 8.93652, 115.9495)|move
-1|(-15.11198, 8.93652, 115.9175)|move
-1|(-15.18533, 8.93652, 115.8856)|move
-1|(-15.25867, 8.93652, 115.8537)|move
-1|(-15.33202, 8.93652, 115.8217)|move
-1|(-15.40537, 8.93652, 115.7898)|move
-1|(-15.47872, 8.93652, 115.7579)|move
-1|(-15.55207, 8.93652, 115.7259)|move
-1|(-15.62542, 8.93652, 115.694)|move
-1|(-15.69877, 8.93652, 115.662)|move
-1|(-15.77212, 8.93652, 115.6301)|move
-1|(-15.84547, 8.93652, 115.5982)|move
-1|(-15.91882, 8.93652, 115.5662)|move
-1|(-15.99216, 8.93652, 115.5343)|move
-1|(-16.06551, 8.93652, 115.5024)|move
-1|(-16.13886, 8.93652, 115.4704)|move
-1|(-16.21221, 8.93652, 115.4385)|move
-1|(-16.28556, 8.93652, 115.4066)|move
-1|(-16.35891, 8.93652, 115.3746)|move
-1|(-16.43226, 8.93652, 115.3427)|move
-1|(-16.50561, 8.93652, 115.3107)|move
-1|(-16.57896, 8.93652, 115.2788)|move
-1|(-16.65231, 8.93652, 115.2469)|move
-1|(-16.72565, 8.93652, 115.2149)|move
-1|(-16.799, 8.93652, 115.183)|move
-1|(-16.87235, 8.93652, 115.1511)|move
-1|(-16.9457, 8.93652, 115.1191)|move
-1|(-17.01905, 8.93652, 115.0872)|move
-1|(-17.0924, 8.93652, 115.0553)|move
-1|(-17.16575, 8.93652, 115.0233)|move
-1|(-17.2391, 8.93652, 114.9914)|move
-1|(-17.31245, 8.93652, 114.9594)|move
-1|(-17.3858, 8.93652, 114.9275)|move
-1|(-17.45914, 8.93652, 114.8956)|move
-1|(-17.53249, 8.93652, 114.8636)|move
-1|(-17.60584, 8.93652, 114.8317)|move
-1|(-17.67919, 8.93652, 114.7998)|move
-1|(-17.75254, 8.93652, 114.7678)|move
-1|(-17.82589, 8.93652, 114.7359)|move
-1|(-17.89924, 8.93652, 114.7039)|move
-1|(-17.97259, 8.93652, 114.672)|move
-1|(-18.04594, 8.93652, 114.6401)|move
-1|(-18.11929, 8.93652, 114.6081)|move
-1|(-18.19263, 8.93652, 114.5762)|move
-1|(-18.26598, 8.93652, 114.5443)|move
-1|(-18.33933, 8.93652, 114.5123)|move
-1|(-18.41268, 8.93652, 114.4804)|move
-1|(-18.48603, 8.93652, 114.4485)|move
-1|(-18.55938, 8.93652, 114.4165)|move
-1|(-18.63273, 8.93652, 114.3846)|move
-1|(-18.70608, 8.93652, 114.3526)|move
-1|(-18.77943, 8.93652, 114.3207)|move
-1|(-18.85279, 8.93652, 114.2888)|move
-1|(-18.92614, 8.93652, 114.2568)|move
-1|(-18.99949, 8.93652, 114.2249)|move
-1|(-19.07284, 8.93652, 114.193)|move
-1|(-19.14619, 8.93652, 114.161)|move
-1|(-19.21954, 8.93652, 114.1291)|move
-1|(-19.29289, 8.93652, 114.0972)|move
-1|(-19.36624, 8.93652, 114.0652)|move
-1|(-19.43958, 8.93652, 114.0333)|move
-1|(-19.51293, 8.93652, 114.0014)|move
-1|(-19.58628, 8.93652, 113.9694)|move
-1|(-19.65963, 8.93652, 113.9375)|move
-1|(-19.73298, 8.93652, 113.9056)|move
-1|(-19.80633, 8.93652, 113.8736)|move
-1|(-19.87968, 8.93652, 113.8417)|move
-1|(-19.95303, 8.93652, 113.8097)|move
-1|(-20.02638, 8.93652, 113.7778)|move
-1|(-20.09973, 8.93652, 113.7459)|move
-1|(-20.17307, 8.93652, 113.7139)|move
-1|(-20.24642, 8.93652, 113.682)|move
-1|(-20.31977, 8.93652, 113.6501)|move
-1|(-20.39312, 8.93652, 113.6181)|move
-1|(-20.46647, 8.93652, 113.5862)|move
-1|(-20.53982, 8.93652, 113.5543)|move
-1|(-20.61317, 8.93652, 113.5223)|move
-1|(-20.68652, 8.93652, 113.4904)|move
-1|(-20.75987, 8.93652, 113.4584)|move
-1|(-20.83322, 8.93652, 113.4265)|move
-1|(-20.90657, 8.93652, 113.3946)|move
-1|(-20.97992, 8.93652, 113.3626)|move
-1|(-21.05327, 8.93652, 113.3307)|move
-1|(-21.12662, 8.93652, 113.2988)|move
-1|(-21.19997, 8.93652, 113.2668)|move
-1|(-21.27332, 8.93652, 113.2349)|move
-1|(-21.34667, 8.93652, 113.203)|move
-1|(-21.42002, 8.93652, 113.171)|move
-1|(-21.49337, 8.93652, 113.1391)|move
-1|(-21.56672, 8.93652, 113.1072)|move
-1|(-21.64006, 8.93652, 113.0752)|move
-1|(-21.71341, 8.93652, 113.0433)|move
-1|(-21.78676, 8.93652, 113.0113)|move
-1|(-21.86011, 8.93652, 112.9794)|move
-1|(-21.93346, 8.93652, 112.9475)|move
-1|(-22.00681, 8.93652, 112.9155)|move
-1|(-22.08016, 8.93652, 112.8836)|move
-1|(-22.16016, 8.93652, 112.8839)|move
-1|(-22.24016, 8.93652, 112.8842)|move
-1|(-22.32016, 8.93652, 112.8846)|move
-1|(-22.40016, 8.93652, 112.8849)|move
-1|(-22.48016, 8.93652, 112.8852)|move
-1|(-22.56016, 8.93652, 112.8855)|move
-1|(-22.64016, 8.93652, 112.8859)|move
-1|(-22.72016, 8.93652, 112.8865)|move
-1|(-22.80015, 8.93652, 112.8871)|move
-1|(-22.88015, 8.93652, 112.8877)|move
-1|(-22.96015, 8.93652, 112.8883)|move
-1|(-23.04015, 8.93652, 112.8889)|move
-1|(-23.12015, 8.93652, 112.8895)|move
-1|(-23.20014, 8.93652, 112.8901)|move
-1|(-23.28014, 8.93652, 112.8908)|move
-1|(-23.36014, 8.93652, 112.8914)|move
-1|(-23.44014, 8.93652, 112.8921)|move
-1|(-23.52014, 8.93652, 112.8927)|move
-1|(-23.60013, 8.93652, 112.8934)|move
-1|(-23.68013, 8.93652, 112.894)|move
-1|(-23.76013, 8.93652, 112.8947)|move
-1|(-23.84013, 8.93652, 112.8953)|move
-1|(-23.92013, 8.93652, 112.8959)|move
-1|(-24.00012, 8.93652, 112.8966)|move
-1|(-24.08012, 8.93652, 112.8972)|move
-1|(-24.16012, 8.93652, 112.8979)|move
-1|(-24.24012, 8.93652, 112.8985)|move
-1|(-24.32012, 8.93652, 112.8992)|move
-1|(-24.40011, 8.93652, 112.8998)|move
-1|(-24.48011, 8.93652, 112.9005)|move
-1|(-24.56011, 8.93652, 112.9011)|move
-1|(-24.64011, 8.93652, 112.9018)|move
-1|(-24.72011, 8.93652, 112.9024)|move
-1|(-24.8001, 8.93652, 112.9031)|move
-1|(-24.8801, 8.93652, 112.9037)|move
-1|(-24.9601, 8.93652, 112.9044)|move
-1|(-25.0401, 8.93652, 112.905)|move
-1|(-25.1201, 8.93652, 112.9057)|move
-1|(-25.20009, 8.93652, 112.9063)|move
-1|(-25.28009, 8.93652, 112.907)|move
-1|(-25.36009, 8.93652, 112.9076)|move
-1|(-25.44009, 8.93652, 112.9083)|move
-1|(-25.52009, 8.93652, 112.9089)|move
-1|(-25.60008, 8.93652, 112.9096)|move
-1|(-25.68008, 8.93652, 112.9102)|move
-1|(-25.76008, 8.93652, 112.9109)|move
-1|(-25.84008, 8.93652, 112.9115)|move
-1|(-25.92008, 8.93652, 112.9121)|move
-1|(-26.00007, 8.93652, 112.9128)|move
-1|(-26.08007, 8.93652, 112.9134)|move
-1|(-26.16007, 8.93652, 112.9141)|move
-1|(-26.24007, 8.93652, 112.9147)|move
-1|(-26.32007, 8.93652, 112.9154)|move
-1|(-26.40006, 8.93652, 112.916)|move
-1|(-26.48006, 8.93652, 112.9167)|move
-1|(-26.56006, 8.93652, 112.9173)|move
-1|(-26.64006, 8.93652, 112.918)|move
-1|(-26.72006, 8.93652, 112.9186)|move
-1|(-26.80005, 8.93652, 112.9193)|move
-1|(-26.88005, 8.93652, 112.9199)|move
-1|(-26.96005, 8.93652, 112.9206)|move
-1|(-27.04005, 8.93652, 112.9212)|move
-1|(-27.12005, 8.93652, 112.9219)|move
-1|(-27.20004, 8.93652, 112.9225)|move
-1|(-27.28004, 8.93652, 112.9232)|move
-1|(-27.36004, 8.93652, 112.9238)|move
-1|(-27.44004, 8.93652, 112.9245)|move
-1|(-27.52004, 8.93652, 112.9251)|move
-1|(-27.60003, 8.93652, 112.9258)|move
-1|(-27.68003, 8.93652, 112.9264)|move
-1|(-27.76003, 8.93652, 112.9271)|move
-1|(-27.84003, 8.93652, 112.9277)|move
-1|(-27.92003, 8.93652, 112.9284)|move
-1|(-28.00002, 8.93652, 112.929)|move
-1|(-28.08002, 8.93652, 112.9297)|move
-1|(-28.16002, 8.93652, 112.9303)|move
-1|(-28.24002, 8.93652, 112.931)|move
-1|(-28.32002, 8.93652, 112.9316)|move
-1|(-28.40001, 8.93652, 112.9323)|move
-1|(-28.48001, 8.93652, 112.9329)|move
-1|(-28.56001, 8.93652, 112.9335)|move
-1|(-28.64001, 8.93652, 112.9342)|move
-1|(-28.72001, 8.93652, 112.9348)|move
-1|(-28.8, 8.93652, 112.9355)|move
-1|(-28.88, 8.93652, 112.9361)|move
-1|(-28.96, 8.93652, 112.9368)|move
-1|(-29.04, 8.93652, 112.9374)|move
-1|(-29.12, 8.93652, 112.9381)|move
-1|(-29.2, 8.93652, 112.9387)|move
-1|(-29.27999, 8.93652, 112.9394)|move
-1|(-29.35999, 8.93652, 112.94)|move
-1|(-29.43999, 8.93652, 112.9407)|move
-1|(-29.51999, 8.93652, 112.9413)|move
-1|(-29.59999, 8.93652, 112.942)|move
-1|(-29.67998, 8.93652, 112.9426)|move
-1|(-29.75998, 8.93652, 112.9433)|move
-1|(-29.83998, 8.93652, 112.9439)|move
-1|(-29.91998, 8.93652, 112.9446)|move
-1|(-29.99998, 8.93652, 112.9452)|move
-1|(-30.07997, 8.93652, 112.9459)|move
-1|(-30.15997, 8.93652, 112.9465)|move
-1|(-30.23997, 8.93652, 112.9472)|move
-1|(-30.31997, 8.93652, 112.9478)|move
-1|(-30.39997, 8.93652, 112.9485)|move
-1|(-30.47996, 8.93652, 112.9491)|move
-1|(-30.55996, 8.93652, 112.9498)|move
-1|(-30.63996, 8.93652, 112.9504)|move
-1|(-30.71996, 8.93652, 112.9511)|move
-1|(-30.79996, 8.93652, 112.9517)|move
-1|(-30.87995, 8.93652, 112.9524)|move
-1|(-30.95995, 8.93652, 112.953)|move
-1|(-31.03995, 8.93652, 112.9537)|move
-1|(-31.11995, 8.93652, 112.9543)|move
-1|(-31.19995, 8.93652, 112.9549)|move
-1|(-31.27994, 8.93652, 112.9556)|move
-1|(-31.35994, 8.93652, 112.9562)|move
-1|(-31.43994, 8.93652, 112.9569)|move
-1|(-31.51994, 8.93652, 112.9575)|move
-1|(-31.59994, 8.93652, 112.9582)|move
-1|(-31.67993, 8.93652, 112.9588)|move
-1|(-31.75993, 8.93652, 112.9595)|move
-1|(-31.83993, 8.93652, 112.9601)|move
-1|(-31.91993, 8.93652, 112.9608)|move
-1|(-31.99993, 8.93652, 112.9614)|move
-1|(-32.07992, 8.93652, 112.9621)|move
-1|(-32.15992, 8.93652, 112.9627)|move
-1|(-32.23992, 8.93652, 112.9634)|move
-1|(-32.31992, 8.93652, 112.964)|move
-1|(-32.39991, 8.93652, 112.9647)|move
-1|(-32.47991, 8.93652, 112.9653)|move
-1|(-32.55991, 8.93652, 112.966)|move
-1|(-32.63991, 8.93652, 112.9666)|move
-1|(-32.71991, 8.93652, 112.9673)|move
-1|(-32.7999, 8.93652, 112.9679)|move
-1|(-32.8799, 8.93652, 112.9686)|move
-1|(-32.9599, 8.93652, 112.9692)|move
-1|(-33.0399, 8.93652, 112.9699)|move
-1|(-33.1199, 8.93652, 112.9705)|move
-1|(-33.19989, 8.93652, 112.9712)|move
-1|(-33.27989, 8.93652, 112.9718)|move
-1|(-33.35989, 8.93652, 112.9725)|move
-1|(-33.43989, 8.93652, 112.9731)|move
-1|(-33.51989, 8.93652, 112.9738)|move
-1|(-33.59988, 8.93652, 112.9744)|move
-1|(-33.67988, 8.93652, 112.9751)|move
-1|(-33.75988, 8.93652, 112.9757)|move
-1|(-33.83988, 8.93652, 112.9763)|move
-1|(-33.91988, 8.93652, 112.977)|move
-1|(-33.99987, 8.93652, 112.9776)|move
-1|(-34.07987, 8.93652, 112.9783)|move
-1|(-34.15987, 8.93652, 112.9789)|move
-1|(-34.23987, 8.93652, 112.9796)|move
-1|(-34.31987, 8.93652, 112.9802)|move
-1|(-34.39986, 8.93652, 112.9809)|move
-1|(-34.47986, 8.93652, 112.9815)|move
-1|(-34.55986, 8.93652, 112.9822)|move
-1|(-34.63986, 8.93652, 112.9828)|move
-1|(-34.71986, 8.93652, 112.9835)|move
-1|(-34.79985, 8.93652, 112.9841)|move
-1|(-34.87985, 8.93652, 112.9848)|move
-1|(-34.95985, 8.93652, 112.9854)|move
-1|(-35.03985, 8.93652, 112.9861)|move
-1|(-35.11985, 8.93652, 112.9867)|move
-1|(-35.19984, 8.93652, 112.9874)|move
-1|(-35.27984, 8.93652, 112.988)|move
-1|(-35.35984, 8.93652, 112.9887)|move
623|(-35.39419, 8.93652, 112.989)|move
624|(-35.39161, 8.93652, 113.0689)|move
-1|(-35.38903, 8.93652, 113.1489)|move
-1|(-35.38646, 8.93652, 113.2288)|move
-1|(-35.38388, 8.93652, 113.3088)|move
-1|(-35.38131, 8.93652, 113.3887)|move
-1|(-35.37873, 8.93652, 113.4687)|move
-1|(-35.37616, 8.93652, 113.5486)|move
-1|(-35.37358, 8.93652, 113.6286)|move
-1|(-35.37101, 8.93652, 113.7086)|move
-1|(-35.36843, 8.93652, 113.7885)|move
-1|(-35.36585, 8.93652, 113.8685)|move
-1|(-35.36327, 8.93652, 113.9484)|move
-1|(-35.3607, 8.93652, 114.0284)|move
-1|(-35.35812, 8.93652, 114.1083)|move
-1|(-35.35555, 8.93652, 114.1883)|move
-1|(-35.35297, 8.93652, 114.2682)|move
-1|(-35.35039, 8.93652, 114.3482)|move
-1|(-35.34781, 8.93652, 114.4282)|move
-1|(-35.34524, 8.93652, 114.5081)|move
-1|(-35.34266, 8.93652, 114.5881)|move
-1|(-35.34008, 8.93652, 114.668)|move
-1|(-35.33751, 8.93652, 114.748)|move
-1|(-35.33493, 8.93652, 114.8279)|move
-1|(-35.33235, 8.93652, 114.9079)|move
-1|(-35.32978, 8.93652, 114.9879)|move
-1|(-35.3272, 8.93652, 115.0678)|move
-1|(-35.32462, 8.93652, 115.1478)|move
-1|(-35.32205, 8.93652, 115.2277)|move
-1|(-35.31947, 8.93652, 115.3077)|move
-1|(-35.31689, 8.93652, 115.3876)|move
-1|(-35.31432, 8.93652, 115.4676)|move
-1|(-35.31174, 8.93652, 115.5475)|move
-1|(-35.30916, 8.93652, 115.6275)|move
-1|(-35.30659, 8.93652, 115.7075)|move
-1|(-35.30401, 8.93652, 115.7874)|move
-1|(-35.30143, 8.93652, 115.8674)|move
-1|(-35.29885, 8.93652, 115.9473)|move
-1|(-35.29628, 8.93652, 116.0273)|move
-1|(-35.2937, 8.93652, 116.1072)|move
-1|(-35.29113, 8.93652, 116.1872)|move
-1|(-35.28855, 8.93652, 116.2672)|move
-1|(-35.28597, 8.93652, 116.3471)|move
-1|(-35.28339, 8.93652, 116.4271)|move
-1|(-35.28082, 8.93652, 116.507)|move
-1|(-35.27824, 8.93652, 116.587)|move
-1|(-35.27567, 8.93652, 116.6669)|move
-1|(-35.27309, 8.93652, 116.7469)|move
-1|(-35.27051, 8.93652, 116.8268)|move
-1|(-35.26794, 8.93652, 116.9068)|move
-1|(-35.26536, 8.93652, 116.9868)|move
-1|(-35.26278, 8.93652, 117.0667)|move
-1|(-35.2602, 8.93652, 117.1467)|move
-1|(-35.25763, 8.93652, 117.2266)|move
-1|(-35.25505, 8.93652, 117.3066)|move
-1|(-35.25248, 8.93652, 117.3865)|move
-1|(-35.2499, 8.93652, 117.4665)|move
-1|(-35.24732, 8.93652, 117.5464)|move
-1|(-35.24474, 8.93652, 117.6264)|move
-1|(-35.24217, 8.93652, 117.7064)|move
-1|(-35.23959, 8.93652, 117.7863)|move
-1|(-35.23701, 8.93652, 117.8663)|move
-1|(-35.23444, 8.93652, 117.9462)|move
-1|(-35.23186, 8.93652, 118.0262)|move
-1|(-35.22929, 8.93652, 118.1061)|move
-1|(-35.22671, 8.93652, 118.1861)|move
-1|(-35.22414, 8.93652, 118.2661)|move
-1|(-35.22156, 8.93652, 118.346)|move
-1|(-35.21899, 8.93652, 118.426)|move
-1|(-35.21641, 8.93652, 118.5059)|move
-1|(-35.21384, 8.93652, 118.5859)|move
-1|(-35.21126, 8.93652, 118.6658)|move
-1|(-35.20868, 8.93652, 118.7458)|move
-1|(-35.2061, 8.93652, 118.8257)|move
-1|(-35.20353, 8.93652, 118.9057)|move
-1|(-35.20095, 8.93652, 118.9857)|move
-1|(-35.19838, 8.93652, 119.0656)|move
-1|(-35.1958, 8.93652, 119.1456)|move
-1|(-35.19322, 8.93652, 119.2255)|move
-1|(-35.19065, 8.93652, 119.3055)|move
-1|(-35.18807, 8.93652, 119.3854)|move
-1|(-35.18549, 8.93652, 119.4654)|move
-1|(-35.18291, 8.93652, 119.5453)|move
-1|(-35.18034, 8.93652, 119.6253)|move
-1|(-35.17776, 8.93652, 119.7053)|move
-1|(-35.17519, 8.93652, 119.7852)|move
-1|(-35.17261, 8.93652, 119.8652)|move
-1|(-35.17003, 8.93652, 119.9451)|move
-1|(-35.16745, 8.93652, 120.0251)|move
-1|(-35.16488, 8.93652, 120.105)|move
-1|(-35.1623, 8.93652, 120.185)|move
-1|(-35.15973, 8.93652, 120.265)|move
-1|(-35.15715, 8.93652, 120.3449)|move
-1|(-35.15457, 8.93652, 120.4249)|move
-1|(-35.15199, 8.93652, 120.5048)|move
-1|(-35.14942, 8.93652, 120.5848)|move
-1|(-35.14684, 8.93652, 120.6647)|move
-1|(-35.14426, 8.93652, 120.7447)|move
-1|(-35.14169, 8.93652, 120.8246)|move
-1|(-35.13911, 8.93652, 120.9046)|move
-1|(-35.13653, 8.93652, 120.9846)|move
-1|(-35.13396, 8.93652, 121.0645)|move
-1|(-35.13138, 8.93652, 121.1445)|move
-1|(-35.1288, 8.93652, 121.2244)|move
-1|(-35.12623, 8.93652, 121.3044)|move
-1|(-35.12365, 8.93652, 121.3843)|move
-1|(-35.12107, 8.93652, 121.4643)|move
-1|(-35.1185, 8.93652, 121.5443)|move
-1|(-35.11592, 8.93652, 121.6242)|move
-1|(-35.11334, 8.93652, 121.7042)|move
-1|(-35.11077, 8.93652, 121.7841)|move
-1|(-35.10819, 8.93652, 121.8641)|move
-1|(-35.10561, 8.93652, 121.944)|move
-1|(-35.10303, 8.93652, 122.024)|move
-1|(-35.10046, 8.93652, 122.1039)|move
-1|(-35.09788, 8.93652, 122.1839)|move
-1|(-35.09531, 8.93652, 122.2639)|move
-1|(-35.09273, 8.93652, 122.3438)|move
-1|(-35.09015, 8.93652, 122.4238)|move
-1|(-35.08757, 8.93652, 122.5037)|move
-1|(-35.085, 8.93652, 122.5837)|move
-1|(-35.08242, 8.93652, 122.6636)|move
-1|(-35.07985, 8.93652, 122.7436)|move
-1|(-35.07727, 8.93652, 122.8235)|move
-1|(-35.07469, 8.93652, 122.9035)|move
-1|(-35.07211, 8.93652, 122.9835)|move
-1|(-35.06954, 8.93652, 123.0634)|move
-1|(-35.06696, 8.93652, 123.1434)|move
-1|(-35.06438, 8.93652, 123.2233)|move
-1|(-35.06181, 8.93652, 123.3033)|move
-1|(-35.05923, 8.93652, 123.3832)|move
-1|(-35.05666, 8.93652, 123.4632)|move
-1|(-35.05408, 8.93652, 123.5432)|move
-1|(-35.0515, 8.93652, 123.6231)|move
-1|(-35.04892, 8.93652, 123.7031)|move
-1|(-35.04635, 8.93652, 123.783)|move
-1|(-35.04377, 8.93652, 123.863)|move
-1|(-35.04119, 8.93652, 123.9429)|move
-1|(-35.03862, 8.93652, 124.0229)|move
-1|(-35.03604, 8.93652, 124.1028)|move
-1|(-35.03346, 8.93652, 124.1828)|move
-1|(-35.03089, 8.93652, 124.2628)|move
-1|(-35.02831, 8.93652, 124.3427)|move
-1|(-35.02573, 8.93652, 124.4227)|move
-1|(-35.02316, 8.93652, 124.5026)|move
-1|(-35.02058, 8.93652, 124.5826)|move
-1|(-35.018, 8.93652, 124.6625)|move
-1|(-35.01543, 8.93652, 124.7425)|move
-1|(-35.01285, 8.93652, 124.8224)|move
-1|(-35.01027, 8.93652, 124.9024)|move
-1|(-35.00769, 8.93652, 124.9824)|move
-1|(-35.00512, 8.93652, 125.0623)|move
-1|(-35.00254, 8.93652, 125.1423)|move
-1|(-34.99997, 8.93652, 125.2222)|move
-1|(-34.99739, 8.93652, 125.3022)|move
-1|(-34.99481, 8.93652, 125.3821)|move
-1|(-34.99224, 8.93652, 125.4621)|move
-1|(-34.98966, 8.93652, 125.5421)|move
-1|(-34.98708, 8.93652, 125.622)|move
-1|(-34.9845, 8.93652, 125.702)|move
-1|(-34.98193, 8.93652, 125.7819)|move
-1|(-34.97935, 8.93652, 125.8619)|move
-1|(-34.97678, 8.93652, 125.9418)|move
-1|(-34.9742, 8.93652, 126.0218)|move
-1|(-34.97162, 8.93652, 126.1017)|move
-1|(-34.96904, 8.93652, 126.1817)|move
-1|(-34.96647, 8.93652, 126.2617)|move
-1|(-34.96389, 8.93652, 126.3416)|move
-1|(-34.96132, 8.93652, 126.4216)|move
-1|(-34.95874, 8.93652, 126.5015)|move
-1|(-34.95616, 8.93652, 126.5815)|move
-1|(-34.95358, 8.93652, 126.6614)|move
-1|(-34.95101, 8.93652, 126.7414)|move
-1|(-34.94843, 8.93652, 126.8214)|move
-1|(-34.94585, 8.93652, 126.9013)|move
-1|(-34.94328, 8.93652, 126.9813)|move
-1|(-34.9407, 8.93652, 127.0612)|move
-1|(-34.93813, 8.93652, 127.1412)|move
-1|(-34.93555, 8.93652, 127.2211)|move
-1|(-34.93297, 8.93652, 127.3011)|move
-1|(-34.93039, 8.93652, 127.381)|move
-1|(-34.92782, 8.93652, 127.461)|move
-1|(-34.92524, 8.93652, 127.541)|move
-1|(-34.92266, 8.93652, 127.6209)|move
-1|(-34.92009, 8.93652, 127.7009)|move
-1|(-34.91751, 8.93652, 127.7808)|move
-1|(-34.91494, 8.93652, 127.8608)|move
-1|(-34.91236, 8.93652, 127.9407)|move
-1|(-34.90978, 8.93652, 128.0207)|move
-1|(-34.9072, 8.93652, 128.1006)|move
-1|(-34.90463, 8.93652, 128.1806)|move
-1|(-34.90205, 8.93652, 128.2606)|move
-1|(-34.89948, 8.93652, 128.3405)|move
-1|(-34.8969, 8.93652, 128.4205)|move
-1|(-34.89432, 8.93652, 128.5004)|move
-1|(-34.89174, 8.93652, 128.5804)|move
-1|(-34.88917, 8.93652, 128.6603)|move
-1|(-34.88659, 8.93652, 128.7403)|move
-1|(-34.88401, 8.93652, 128.8203)|move
-1|(-34.88144, 8.93652, 128.9002)|move
-1|(-34.87886, 8.93652, 128.9802)|move
-1|(-34.87628, 8.93652, 129.0601)|move
-1|(-34.87371, 8.93652, 129.1401)|move
-1|(-34.87113, 8.93652, 129.22)|move
-1|(-34.86855, 8.93652, 129.3)|move
-1|(-34.86597, 8.93652, 129.3799)|move
-1|(-34.8634, 8.93652, 129.4599)|move
-1|(-34.86082, 8.93652, 129.5399)|move
-1|(-34.85825, 8.93652, 129.6198)|move
-1|(-34.85567, 8.93652, 129.6998)|move
-1|(-34.85309, 8.93652, 129.7797)|move
-1|(-34.85052, 8.93652, 129.8597)|move
-1|(-34.84794, 8.93652, 129.9396)|move
-1|(-34.84536, 8.93652, 130.0196)|move
-1|(-34.84278, 8.93652, 130.0995)|move
-1|(-34.84021, 8.93652, 130.1795)|move
-1|(-34.83763, 8.93652, 130.2595)|move
-1|(-34.83506, 8.93652, 130.3394)|move
-1|(-34.83248, 8.93652, 130.4194)|move
-1|(-34.8299, 8.93652, 130.4993)|move
-1|(-34.82732, 8.93652, 130.5793)|move
-1|(-34.82475, 8.93652, 130.6592)|move
-1|(-34.82217, 8.93652, 130.7392)|move
-1|(-34.8196, 8.93652, 130.8192)|move
-1|(-34.81702, 8.93652, 130.8991)|move
-1|(-34.81444, 8.93652, 130.9791)|move
-1|(-34.81187, 8.93652, 131.059)|move
-1|(-34.80929, 8.93652, 131.139)|move
-1|(-34.80671, 8.93652, 131.2189)|move
-1|(-34.80413, 8.93652, 131.2989)|move
-1|(-34.80156, 8.93652, 131.3788)|move
-1|(-34.79898, 8.93652, 131.4588)|move
-1|(-34.79641, 8.93652, 131.5388)|move
-1|(-34.79383, 8.93652, 131.6187)|move
-1|(-34.79126, 8.93652, 131.6987)|move
-1|(-34.78868, 8.93652, 131.7786)|move
-1|(-34.78611, 8.93652, 131.8586)|move
-1|(-34.78353, 8.93652, 131.9385)|move
-1|(-34.78095, 8.93652, 132.0185)|move
-1|(-34.77837, 8.93652, 132.0984)|move
-1|(-34.7758, 8.93652, 132.1784)|move
-1|(-34.77322, 8.93652, 132.2584)|move
-1|(-34.77065, 8.93652, 132.3383)|move
-1|(-34.76807, 8.93652, 132.4183)|move
-1|(-34.76549, 8.93652, 132.4982)|move
-1|(-34.76291, 8.93652, 132.5782)|move
-1|(-34.76034, 8.93652, 132.6581)|move
-1|(-34.75776, 8.93652, 132.7381)|move
-1|(-34.75518, 8.93652, 132.8181)|move
-1|(-34.75261, 8.93652, 132.898)|move
-1|(-34.75003, 8.93652, 132.978)|move
-1|(-34.74745, 8.93652, 133.0579)|move
-1|(-34.74488, 8.93652, 133.1379)|move
-1|(-34.7423, 8.93652, 133.2178)|move
-1|(-34.73972, 8.93652, 133.2978)|move
-1|(-34.73714, 8.93652, 133.3777)|move
-1|(-34.73457, 8.93652, 133.4577)|move
-1|(-34.73199, 8.93652, 133.5377)|move
-1|(-34.72942, 8.93652, 133.6176)|move
-1|(-34.72684, 8.93652, 133.6976)|move
-1|(-34.72426, 8.93652, 133.7775)|move
-1|(-34.72169, 8.93652, 133.8575)|move
-1|(-34.71911, 8.93652, 133.9374)|move
-1|(-34.71653, 8.93652, 134.0174)|move
-1|(-34.71395, 8.93652, 134.0974)|move
-1|(-34.71138, 8.93652, 134.1773)|move
-1|(-34.7088, 8.93652, 134.2573)|move
-1|(-34.70623, 8.93652, 134.3372)|move
-1|(-34.70365, 8.93652, 134.4172)|move
-1|(-34.70107, 8.93652, 134.4971)|move
-1|(-34.69849, 8.93652, 134.5771)|move
-1|(-34.69592, 8.93652, 134.657)|move
-1|(-34.69334, 8.93652, 134.737)|move
-1|(-34.69077, 8.93652, 134.817)|move
-1|(-34.68819, 8.93652, 134.8969)|move
-1|(-34.68561, 8.93652, 134.9769)|move
-1|(-34.68303, 8.93652, 135.0568)|move
-1|(-34.68046, 8.93652, 135.1368)|move
-1|(-34.67788, 8.93652, 135.2167)|move
-1|(-34.6753, 8.93652, 135.2967)|move
-1|(-34.67273, 8.93652, 135.3766)|move
-1|(-34.67015, 8.93652, 135.4566)|move
-1|(-34.66758, 8.93652, 135.5366)|move
-1|(-34.665, 8.93652, 135.6165)|move
-1|(-34.66242, 8.93652, 135.6965)|move
-1|(-34.65984, 8.93652, 135.7764)|move
-1|(-34.65727, 8.93652, 135.8564)|move
-1|(-34.65469, 8.93652, 135.9363)|move
-1|(-34.65211, 8.93652, 136.0163)|move
-1|(-34.64954, 8.93652, 136.0963)|move
-1|(-34.64696, 8.93652, 136.1762)|move
-1|(-34.64438, 8.93652, 136.2562)|move
-1|(-34.64181, 8.93652, 136.3361)|move
-1|(-34.63923, 8.93652, 136.4161)|move
-1|(-34.63665, 8.93652, 136.496)|move
-1|(-34.63408, 8.93652, 136.576)|move
-1|(-34.6315, 8.93652, 136.6559)|move
-1|(-34.62893, 8.93652, 136.7359)|move
-1|(-34.62635, 8.93652, 136.8159)|move
-1|(-34.62377, 8.93652, 136.8958)|move
-1|(-34.62119, 8.93652, 136.9758)|move
-1|(-34.61862, 8.93652, 137.0557)|move
-1|(-34.61604, 8.93652, 137.1357)|move
-1|(-34.61346, 8.93652, 137.2156)|move
-1|(-34.61089, 8.93652, 137.2956)|move
-1|(-34.60831, 8.93652, 137.3755)|move
-1|(-34.60573, 8.93652, 137.4555)|move
-1|(-34.60316, 8.93652, 137.5355)|move
-1|(-34.60058, 8.93652, 137.6154)|move
-1|(-34.598, 8.93652, 137.6954)|move
-1|(-34.59542, 8.93652, 137.7753)|move
-1|(-34.59285, 8.93652, 137.8553)|move
-1|(-34.59027, 8.93652, 137.9352)|move
-1|(-34.5877, 8.93652, 138.0152)|move
-1|(-34.58512, 8.93652, 138.0952)|move
-1|(-34.58255, 8.93652, 138.1751)|move
-1|(-34.57997, 8.93652, 138.2551)|move
-1|(-34.57739, 8.93652, 138.335)|move
-1|(-34.57482, 8.93652, 138.415)|move
-1|(-34.57224, 8.93652, 138.4949)|move
-1|(-34.56966, 8.93652, 138.5749)|move
-1|(-34.56709, 8.93652, 138.6548)|move
-1|(-34.56451, 8.93652, 138.7348)|move
-1|(-34.56193, 8.93652, 138.8148)|move
-1|(-34.55936, 8.93652, 138.8947)|move
-1|(-34.55678, 8.93652, 138.9747)|move
-1|(-34.5542, 8.93652, 139.0546)|move
-1|(-34.55163, 8.93652, 139.1346)|move
-1|(-34.54905, 8.93652, 139.2145)|move
-1|(-34.54647, 8.93652, 139.2945)|move
-1|(-34.5439, 8.93652, 139.3745)|move
-1|(-34.54132, 8.93652, 139.4544)|move
-1|(-34.53874, 8.93652, 139.5344)|move
-1|(-34.53617, 8.93652, 139.6143)|move
-1|(-34.53359, 8.93652, 139.6943)|move
-1|(-34.53101, 8.93652, 139.7742)|move
-1|(-34.52843, 8.93652, 139.8542)|move
-1|(-34.52586, 8.93652, 139.9341)|move
-1|(-34.52328, 8.93652, 140.0141)|move
-1|(-34.52071, 8.93652, 140.0941)|move
-1|(-34.51813, 8.93652, 140.174)|move
-1|(-34.51555, 8.93652, 140.254)|move
-1|(-34.51298, 8.93652, 140.3339)|move
-1|(-34.5104, 8.93652, 140.4139)|move
-1|(-34.50782, 8.93652, 140.4938)|move
-1|(-34.50525, 8.93652, 140.5738)|move
-1|(-34.50267, 8.93652, 140.6537)|move
-1|(-34.5001, 8.93652, 140.7337)|move
-1|(-34.49752, 8.93652, 140.8137)|move
-1|(-34.49495, 8.93652, 140.8936)|move
-1|(-34.49237, 8.93652, 140.9736)|move
-1|(-34.48979, 8.93652, 141.0535)|move
-1|(-34.48722, 8.93652, 141.1335)|move
-1|(-34.48464, 8.93652, 141.2134)|move
-1|(-34.48206, 8.93652, 141.2934)|move
-1|(-34.47948, 8.93652, 141.3734)|move
-1|(-34.47691, 8.93652, 141.4533)|move
-1|(-34.47433, 8.93652, 141.5333)|move
-1|(-34.47176, 8.93652, 141.6132)|move
-1|(-34.46918, 8.93652, 141.6932)|move
-1|(-34.4666, 8.93652, 141.7731)|move
-1|(-34.46403, 8.93652, 141.8531)|move
-1|(-34.46145, 8.93652, 141.933)|move
-1|(-34.45887, 8.93652, 142.013)|move
-1|(-34.4563, 8.93652, 142.093)|move
-1|(-34.45372, 8.93652, 142.1729)|move
-1|(-34.45114, 8.93652, 142.2529)|move
-1|(-34.44857, 8.93652, 142.3328)|move
-1|(-34.44599, 8.93652, 142.4128)|move
-1|(-34.44341, 8.93652, 142.4927)|move
-1|(-34.44083, 8.93652, 142.5727)|move
-1|(-34.43826, 8.93652, 142.6526)|move
-1|(-34.43568, 8.93652, 142.7326)|move
-1|(-34.43311, 8.93652, 142.8126)|move
-1|(-34.43053, 8.93652, 142.8925)|move
-1|(-34.42795, 8.93652, 142.9725)|move
-1|(-34.42537, 8.93652, 143.0524)|move
-1|(-34.4228, 8.93652, 143.1324)|move
-1|(-34.42022, 8.93652, 143.2123)|move
-1|(-34.41764, 8.93652, 143.2923)|move
-1|(-34.41507, 8.93652, 143.3723)|move
-1|(-34.41249, 8.93652, 143.4522)|move
-1|(-34.40991, 8.93652, 143.5322)|move
-1|(-34.40734, 8.93652, 143.6121)|move
-1|(-34.40476, 8.93652, 143.6921)|move
-1|(-34.40218, 8.93652, 143.772)|move
-1|(-34.39961, 8.93652, 143.852)|move
-1|(-34.39703, 8.93652, 143.9319)|move
-1|(-34.39445, 8.93652, 144.0119)|move
-1|(-34.39188, 8.93652, 144.0919)|move
1013|(-34.39038, 8.93652, 144.1383)|move
1014|(-34.31062, 8.93652, 144.1445)|move
-1|(-34.23087, 8.93652, 144.1508)|move
-1|(-34.15111, 8.93652, 144.157)|move
-1|(-34.07135, 8.93652, 144.1632)|move
-1|(-33.99159, 8.93652, 144.1695)|move
-1|(-33.91183, 8.93652, 144.1757)|move
-1|(-33.83208, 8.93652, 144.182)|move
-1|(-33.75232, 8.93652, 144.1882)|move
-1|(-33.67256, 8.93652, 144.1944)|move
-1|(-33.5928, 8.93652, 144.2007)|move
-1|(-33.51305, 8.93652, 144.2069)|move
-1|(-33.43329, 8.93652, 144.2132)|move
-1|(-33.35353, 8.93652, 144.2194)|move
-1|(-33.27377, 8.93652, 144.2256)|move
-1|(-33.19402, 8.93652, 144.2319)|move
-1|(-33.11426, 8.93652, 144.2381)|move
-1|(-33.0345, 8.93652, 144.2443)|move
-1|(-32.95474, 8.93652, 144.2505)|move
-1|(-32.87498, 8.93652, 144.2568)|move
-1|(-32.79523, 8.93652, 144.263)|move
-1|(-32.71547, 8.93652, 144.2693)|move
-1|(-32.63571, 8.93652, 144.2755)|move
-1|(-32.55595, 8.93652, 144.2817)|move
-1|(-32.4762, 8.93652, 144.2879)|move
-1|(-32.39644, 8.93652, 144.2942)|move
-1|(-32.31668, 8.93652, 144.3004)|move
-1|(-32.23692, 8.93652, 144.3067)|move
-1|(-32.15717, 8.93652, 144.3129)|move
-1|(-32.07741, 8.93652, 144.3191)|move
-1|(-31.99765, 8.93652, 144.3253)|move
-1|(-31.91789, 8.93652, 144.3316)|move
-1|(-31.83813, 8.93652, 144.3378)|move
-1|(-31.75838, 8.93652, 144.3441)|move
-1|(-31.67862, 8.93652, 144.3503)|move
-1|(-31.59886, 8.93652, 144.3565)|move
-1|(-31.5191, 8.93652, 144.3627)|move
-1|(-31.43935, 8.93652, 144.369)|move
-1|(-31.35959, 8.93652, 144.3752)|move
-1|(-31.27983, 8.93652, 144.3815)|move
-1|(-31.20007, 8.93652, 144.3877)|move
-1|(-31.12032, 8.93652, 144.3939)|move
-1|(-31.04056, 8.93652, 144.4001)|move
-1|(-30.9608, 8.93652, 144.4064)|move
-1|(-30.88104, 8.93652, 144.4126)|move
-1|(-30.80128, 8.93652, 144.4189)|move
-1|(-30.72153, 8.93652, 144.4251)|move
-1|(-30.64177, 8.93652, 144.4313)|move
-1|(-30.56201, 8.93652, 144.4375)|move
-1|(-30.48225, 8.93652, 144.4438)|move
-1|(-30.4025, 8.93652, 144.45)|move
-1|(-30.32274, 8.93652, 144.4563)|move
-1|(-30.24298, 8.93652, 144.4625)|move
-1|(-30.16322, 8.93652, 144.4687)|move
-1|(-30.08347, 8.93652, 144.4749)|move
-1|(-30.00371, 8.93652, 144.4812)|move
-1|(-29.92395, 8.93652, 144.4874)|move
-1|(-29.84419, 8.93652, 144.4937)|move
-1|(-29.76443, 8.93652, 144.4999)|move
-1|(-29.68468, 8.93652, 144.5061)|move
-1|(-29.60492, 8.93652, 144.5123)|move
-1|(-29.52516, 8.93652, 144.5186)|move
-1|(-29.4454, 8.93652, 144.5248)|move
-1|(-29.36565, 8.93652, 144.5311)|move
-1|(-29.28589, 8.93652, 144.5373)|move
-1|(-29.20613, 8.93652, 144.5435)|move
-1|(-29.12637, 8.93652, 144.5497)|move
-1|(-29.04662, 8.93652, 144.556)|move
-1|(-28.96686, 8.93652, 144.5622)|move
-1|(-28.8871, 8.93652, 144.5685)|move
-1|(-28.80734, 8.93652, 144.5747)|move
-1|(-28.72758, 8.93652, 144.5809)|move
-1|(-28.64783, 8.93652, 144.5871)|move
-1|(-28.56807, 8.93652, 144.5934)|move
-1|(-28.48831, 8.93652, 144.5996)|move
-1|(-28.40856, 8.93652, 144.6059)|move
-1|(-28.3288, 8.93652, 144.6121)|move
-1|(-28.24904, 8.93652, 144.6183)|move
-1|(-28.16929, 8.93652, 144.6245)|move
-1|(-28.08953, 8.93652, 144.6308)|move
-1|(-28.00953, 8.93652, 144.6308)|move
-1|(-27.92953, 8.93652, 144.6308)|move
-1|(-27.84953, 8.93652, 144.6308)|move
-1|(-27.76953, 8.93652, 144.6308)|move
-1|(-27.68953, 8.93652, 144.6308)|move
-1|(-27.60953, 8.93652, 144.6308)|move
-1|(-27.52953, 8.93652, 144.6308)|move
-1|(-27.44953, 8.93652, 144.6308)|move
-1|(-27.36953, 8.93652, 144.6308)|move
-1|(-27.28953, 8.93652, 144.6308)|move
-1|(-27.20953, 8.93652, 144.6308)|move
-1|(-27.12953, 8.93652, 144.6309)|move
-1|(-27.04953, 8.93652, 144.6309)|move
-1|(-26.96953, 8.93652, 144.6309)|move
-1|(-26.88953, 8.93652, 144.6309)|move
-1|(-26.80953, 8.93652, 144.6309)|move
-1|(-26.72953, 8.93652, 144.6309)|move
-1|(-26.64953, 8.93652, 144.6309)|move
-1|(-26.56953, 8.93652, 144.6309)|move
-1|(-26.48953, 8.93652, 144.6309)|move
-1|(-26.40953, 8.93652, 144.6309)|move
-1|(-26.32953, 8.93652, 144.6309)|move
-1|(-26.24953, 8.93652, 144.6309)|move
-1|(-26.16953, 8.93652, 144.631)|move
-1|(-26.08953, 8.93652, 144.631)|move
-1|(-26.00953, 8.93652, 144.631)|move
-1|(-25.92953, 8.93652, 144.631)|move
-1|(-25.84953, 8.93652, 144.631)|move
-1|(-25.76953, 8.93652, 144.631)|move
-1|(-25.68953, 8.93652, 144.631)|move
-1|(-25.60953, 8.93652, 144.631)|move
-1|(-25.52953, 8.93652, 144.631)|move
-1|(-25.44953, 8.93652, 144.631)|move
-1|(-25.36953, 8.93652, 144.631)|move
-1|(-25.28953, 8.93652, 144.631)|move
-1|(-25.20953, 8.93652, 144.631)|move
-1|(-25.12953, 8.93652, 144.631)|move
-1|(-25.04953, 8.93652, 144.6311)|move
-1|(-24.96953, 8.93652, 144.6311)|move
-1|(-24.88953, 8.93652, 144.6311)|move
-1|(-24.80953, 8.93652, 144.6311)|move
-1|(-24.72953, 8.93652, 144.6311)|move
-1|(-24.64953, 8.93652, 144.6311)|move
-1|(-24.56953, 8.93652, 144.6311)|move
-1|(-24.48953, 8.93652, 144.6311)|move
-1|(-24.40953, 8.93652, 144.6311)|move
-1|(-24.32953, 8.93652, 144.6311)|move
-1|(-24.24953, 8.93652, 144.6311)|move
-1|(-24.16953, 8.93652, 144.6311)|move
-1|(-24.08953, 8.93652, 144.6311)|move
-1|(-24.00953, 8.93652, 144.6311)|move
-1|(-23.92953, 8.93652, 144.6311)|move
-1|(-23.84953, 8.93652, 144.6311)|move
-1|(-23.76954, 8.93652, 144.6311)|move
-1|(-23.68954, 8.93652, 144.6311)|move
-1|(-23.60954, 8.93652, 144.6311)|move
-1|(-23.52954, 8.93652, 144.6311)|move
-1|(-23.44954, 8.93652, 144.6311)|move
-1|(-23.36954, 8.93652, 144.6311)|move
-1|(-23.28954, 8.93652, 144.6311)|move
-1|(-23.20954, 8.93652, 144.6311)|move
-1|(-23.12954, 8.93652, 144.6311)|move
-1|(-23.0496, 8.93652, 144.6277)|move
-1|(-22.96967, 8.93652, 144.6244)|move
-1|(-22.88974, 8.93652, 144.6211)|move
-1|(-22.80981, 8.93652, 144.6178)|move
-1|(-22.72988, 8.93652, 144.6145)|move
-1|(-22.64995, 8.93652, 144.6112)|move
-1|(-22.57002, 8.93652, 144.6079)|move
-1|(-22.49009, 8.93652, 144.6046)|move
-1|(-22.41016, 8.93652, 144.6011)|move
-1|(-22.33024, 8.93652, 144.5976)|move
-1|(-22.25031, 8.93652, 144.5941)|move
-1|(-22.17039, 8.93652, 144.5906)|move
-1|(-22.09047, 8.93652, 144.5871)|move
-1|(-22.01055, 8.93652, 144.5836)|move
-1|(-21.93063, 8.93652, 144.58)|move
-1|(-21.85071, 8.93652, 144.5765)|move
-1|(-21.77078, 8.93652, 144.573)|move
-1|(-21.69086, 8.93652, 144.5695)|move
-1|(-21.61094, 8.93652, 144.5659)|move
-1|(-21.53102, 8.93652, 144.5624)|move
-1|(-21.4511, 8.93652, 144.5589)|move
-1|(-21.37118, 8.93652, 144.5554)|move
-1|(-21.29125, 8.93652, 144.5518)|move
-1|(-21.21133, 8.93652, 144.5483)|move
-1|(-21.13141, 8.93652, 144.5448)|move
-1|(-21.05149, 8.93652, 144.5413)|move
-1|(-20.97157, 8.93652, 144.5378)|move
-1|(-20.89165, 8.93652, 144.5342)|move
-1|(-20.81172, 8.93652, 144.5307)|move
-1|(-20.7318, 8.93652, 144.5272)|move
-1|(-20.65188, 8.93652, 144.5237)|move
-1|(-20.57196, 8.93652, 144.5201)|move
-1|(-20.49204, 8.93652, 144.5166)|move
-1|(-20.41212, 8.93652, 144.5131)|move
-1|(-20.33219, 8.93652, 144.5096)|move
-1|(-20.25227, 8.93652, 144.506)|move
-1|(-20.17235, 8.93652, 144.5025)|move
-1|(-20.09243, 8.93652, 144.499)|move
-1|(-20.01251, 8.93652, 144.4955)|move
-1|(-19.93258, 8.93652, 144.4919)|move
-1|(-19.85266, 8.93652, 144.4884)|move
-1|(-19.77274, 8.93652, 144.4849)|move
-1|(-19.69282, 8.93652, 144.4813)|move
-1|(-19.6129, 8.93652, 144.4778)|move
-1|(-19.53298, 8.93652, 144.4743)|move
-1|(-19.45305, 8.93652, 144.4707)|move
-1|(-19.37313, 8.93652, 144.4672)|move
-1|(-19.29321, 8.93652, 144.4637)|move
-1|(-19.21329, 8.93652, 144.4601)|move
-1|(-19.13337, 8.93652, 144.4566)|move
-1|(-19.05345, 8.93652, 144.4531)|move
-1|(-18.97352, 8.93652, 144.4496)|move
-1|(-18.8936, 8.93652, 144.446)|move
-1|(-18.81368, 8.93652, 144.4425)|move
-1|(-18.73376, 8.93652, 144.4389)|move
-1|(-18.65384, 8.93652, 144.4354)|move
-1|(-18.57392, 8.93652, 144.4319)|move
-1|(-18.49399, 8.93652, 144.4284)|move
-1|(-18.41407, 8.93652, 144.4248)|move
-1|(-18.33415, 8.93652, 144.4213)|move
-1|(-18.25423, 8.93652, 144.4178)|move
-1|(-18.17431, 8.93652, 144.4142)|move
-1|(-18.09439, 8.93652, 144.4107)|move
-1|(-18.01446, 8.93652, 144.4072)|move
-1|(-17.93454, 8.93652, 144.4036)|move
-1|(-17.85462, 8.93652, 144.4001)|move
-1|(-17.7747, 8.93652, 144.3966)|move
-1|(-17.69478, 8.93652, 144.393)|move
-1|(-17.61485, 8.93652, 144.3895)|move
-1|(-17.53493, 8.93652, 144.386)|move
-1|(-17.45501, 8.93652, 144.3824)|move
-1|(-17.37509, 8.93652, 144.3789)|move
-1|(-17.29517, 8.93652, 144.3754)|move
-1|(-17.21525, 8.93652, 144.3718)|move
-1|(-17.13532, 8.93652, 144.3683)|move
-1|(-17.0554, 8.93652, 144.3648)|move
-1|(-16.97548, 8.93652, 144.3612)|move
-1|(-16.89556, 8.93652, 144.3577)|move
-1|(-16.81564, 8.93652, 144.3542)|move
-1|(-16.73572, 8.93652, 144.3506)|move
-1|(-16.65579, 8.93652, 144.3471)|move
1236|(-16.62471, 8.93652, 144.3457)|move
