0|(-32.43456, 1.930239, 133.8159)|move
-1|(-32.43283, 1.930332, 133.7359)|move
-1|(-32.43111, 1.930424, 133.6559)|move
-1|(-32.42939, 1.930516, 133.5759)|move
-1|(-32.42766, 1.930609, 133.4959)|move
-1|(-32.42594, 1.930701, 133.4159)|move
-1|(-32.42421, 1.930793, 133.336)|move
-1|(-32.42249, 1.930885, 133.256)|move
-1|(-32.42076, 1.930978, 133.176)|move
-1|(-32.41904, 1.93107, 133.096)|move
-1|(-32.41732, 1.931162, 133.016)|move
-1|(-32.41559, 1.931254, 132.936)|move
-1|(-32.41387, 1.931347, 132.856)|move
-1|(-32.41214, 1.931439, 132.776)|move
-1|(-32.41042, 1.931531, 132.6961)|move
-1|(-32.4087, 1.931623, 132.6161)|move
-1|(-32.40697, 1.931716, 132.5361)|move
-1|(-32.40525, 1.931808, 132.4561)|move
-1|(-32.40352, 1.9319, 132.3761)|move
-1|(-32.4018, 1.931993, 132.2961)|move
-1|(-32.40007, 1.932085, 132.2161)|move
-1|(-32.39835, 1.932177, 132.1362)|move
-1|(-32.39663, 1.932269, 132.0562)|move
-1|(-32.3949, 1.932362, 131.9762)|move
-1|(-32.39318, 1.932454, 131.8962)|move
-1|(-32.39145, 1.932546, 131.8162)|move
-1|(-32.38973, 1.932638, 131.7362)|move
-1|(-32.388, 1.932731, 131.6562)|move
-1|(-32.38628, 1.932823, 131.5762)|move
-1|(-32.38456, 1.932915, 131.4963)|move
-1|(-32.38283, 1.933007, 131.4163)|move
-1|(-32.38111, 1.9331, 131.3363)|move
-1|(-32.37938, 1.933192, 131.2563)|move
-1|(-32.37766, 1.933284, 131.1763)|move
-1|(-32.37593, 1.933377, 131.0963)|move
-1|(-32.37421, 1.933469, 131.0163)|move
-1|(-32.37249, 1.933561, 130.9364)|move
-1|(-32.37076, 1.933653, 130.8564)|move
-1|(-32.36904, 1.933746, 130.7764)|move
-1|(-32.36731, 1.933838, 130.6964)|move
-1|(-32.36559, 1.93393, 130.6164)|move
-1|(-32.36386, 1.934022, 130.5364)|move
-1|(-32.36214, 1.934115, 130.4564)|move
-1|(-32.36042, 1.934207, 130.3764)|move
-1|(-32.35869, 1.934299, 130.2965)|move
-1|(-32.35697, 1.934391, 130.2165)|move
-1|(-32.35524, 1.934484, 130.1365)|move
-1|(-32.35352, 1.934576, 130.0565)|move
-1|(-32.3518, 1.934668, 129.9765)|move
-1|(-32.35007, 1.934761, 129.8965)|move
-1|(-32.34835, 1.934853, 129.8165)|move
-1|(-32.34663, 1.934945, 129.7366)|move
-1|(-32.3449, 1.935037, 129.6566)|move
-1|(-32.34318, 1.93513, 129.5766)|move
-1|(-32.34146, 1.935222, 129.4966)|move
-1|(-32.33974, 1.935314, 129.4166)|move
-1|(-32.33801, 1.935406, 129.3366)|move
-1|(-32.33629, 1.935498, 129.2566)|move
-1|(-32.33457, 1.935591, 129.1767)|move
-1|(-32.33285, 1.935683, 129.0967)|move
-1|(-32.33112, 1.935775, 129.0167)|move
-1|(-32.3294, 1.935867, 128.9367)|move
-1|(-32.32768, 1.935959, 128.8567)|move
-1|(-32.32596, 1.936052, 128.7767)|move
-1|(-32.32423, 1.936144, 128.6967)|move
-1|(-32.32251, 1.936236, 128.6167)|move
-1|(-32.32079, 1.936328, 128.5368)|move
-1|(-32.31907, 1.93642, 128.4568)|move
-1|(-32.31734, 1.936513, 128.3768)|move
-1|(-32.31562, 1.936513, 128.2968)|move
-1|(-32.3139, 1.936513, 128.2168)|move
-1|(-32.31217, 1.936513, 128.1368)|move
-1|(-32.31045, 1.936513, 128.0568)|move
-1|(-32.30872, 1.936513, 127.9769)|move
-1|(-32.307, 1.936513, 127.8969)|move
-1|(-32.30527, 1.936514, 127.8169)|move
-1|(-32.30355, 1.936514, 127.7369)|move
-1|(-32.30183, 1.936514, 127.6569)|move
-1|(-32.3001, 1.936514, 127.577)|move
-1|(-32.29838, 1.936514, 127.497)|move
-1|(-32.29665, 1.936514, 127.417)|move
-1|(-32.29493, 1.936514, 127.337)|move
-1|(-32.29321, 1.936514, 127.257)|move
-1|(-32.29148, 1.936514, 127.1771)|move
-1|(-32.28976, 1.936515, 127.0971)|move
-1|(-32.28803, 1.936515, 127.0171)|move
-1|(-32.28631, 1.936515, 126.9371)|move
-1|(-32.28458, 1.936515, 126.8572)|move
-1|(-32.28286, 1.936515, 126.7772)|move
-1|(-32.28114, 1.936515, 126.6972)|move
-1|(-32.27941, 1.936515, 126.6172)|move
-1|(-32.27769, 1.936515, 126.5372)|move
-1|(-32.27596, 1.936516, 126.4573)|move
-1|(-32.27424, 1.936516, 126.3773)|move
-1|(-32.27251, 1.936516, 126.2973)|move
-1|(-32.27079, 1.936516, 126.2173)|move
-1|(-32.26907, 1.936516, 126.1373)|move
-1|(-32.26734, 1.936516, 126.0574)|move
-1|(-32.26562, 1.936516, 125.9774)|move
-1|(-32.26389, 1.936516, 125.8974)|move
-1|(-32.26217, 1.936517, 125.8174)|move
-1|(-32.26044, 1.936517, 125.7374)|move
-1|(-32.25872, 1.936517, 125.6575)|move
-1|(-32.257, 1.936517, 125.5775)|move
-1|(-32.25527, 1.936517, 125.4975)|move
-1|(-32.25355, 1.936517, 125.4175)|move
-1|(-32.25182, 1.936517, 125.3376)|move
-1|(-32.2501, 1.936517, 125.2576)|move
-1|(-32.24837, 1.936517, 125.1776)|move
-1|(-32.24665, 1.936518, 125.0976)|move
-1|(-32.24493, 1.936518, 125.0176)|move
-1|(-32.2432, 1.936518, 124.9377)|move
-1|(-32.24148, 1.936518, 124.8577)|move
-1|(-32.23975, 1.936518, 124.7777)|move
-1|(-32.23803, 1.936518, 124.6977)|move
-1|(-32.23631, 1.936518, 124.6177)|move
-1|(-32.23458, 1.936518, 124.5378)|move
-1|(-32.23286, 1.936518, 124.4578)|move
-1|(-32.23113, 1.936518, 124.3778)|move
-1|(-32.22941, 1.936518, 124.2978)|move
-1|(-32.22769, 1.936518, 124.2178)|move
-1|(-32.22597, 1.936518, 124.1379)|move
-1|(-32.22424, 1.936518, 124.0579)|move
-1|(-32.22252, 1.936518, 123.9779)|move
-1|(-32.2208, 1.936519, 123.8979)|move
-1|(-32.21908, 1.936519, 123.818)|move
-1|(-32.21735, 1.936519, 123.738)|move
-1|(-32.21563, 1.936519, 123.658)|move
-1|(-32.21391, 1.936519, 123.578)|move
-1|(-32.21219, 1.936519, 123.498)|move
-1|(-32.21046, 1.936519, 123.4181)|move
-1|(-32.20874, 1.936519, 123.3381)|move
-1|(-32.20702, 1.936519, 123.2581)|move
-1|(-32.2053, 1.936519, 123.1781)|move
-1|(-32.20358, 1.936519, 123.0981)|move
-1|(-32.20185, 1.936519, 123.0182)|move
-1|(-32.20013, 1.936519, 122.9382)|move
-1|(-32.19841, 1.936519, 122.8582)|move
-1|(-32.19669, 1.936519, 122.7782)|move
-1|(-32.19497, 1.936519, 122.6982)|move
-1|(-32.19324, 1.93652, 122.6183)|move
-1|(-32.19152, 1.93652, 122.5383)|move
-1|(-32.1898, 1.93652, 122.4583)|move
-1|(-32.18807, 1.93652, 122.3783)|move
-1|(-32.18635, 1.93652, 122.2984)|move
-1|(-32.18462, 1.93652, 122.2184)|move
-1|(-32.1829, 1.93652, 122.1384)|move
-1|(-32.18118, 1.93652, 122.0584)|move
-1|(-32.17945, 1.93652, 121.9784)|move
-1|(-32.17773, 1.93652, 121.8985)|move
-1|(-32.17601, 1.93652, 121.8185)|move
-1|(-32.17429, 1.93652, 121.7385)|move
-1|(-32.17256, 1.93652, 121.6585)|move
-1|(-32.17084, 1.93652, 121.5785)|move
-1|(-32.16911, 1.93652, 121.4986)|move
-1|(-32.16739, 1.93652, 121.4186)|move
-1|(-32.16566, 1.93652, 121.3386)|move
-1|(-32.16394, 1.93652, 121.2586)|move
-1|(-32.16222, 1.93652, 121.1786)|move
-1|(-32.16049, 1.93652, 121.0987)|move
-1|(-32.15877, 1.93652, 121.0187)|move
-1|(-32.15704, 1.93652, 120.9387)|move
-1|(-32.15532, 1.93652, 120.8587)|move
-1|(-32.1536, 1.93652, 120.7788)|move
-1|(-32.15187, 1.93652, 120.6988)|move
-1|(-32.15015, 1.93652, 120.6188)|move
-1|(-32.14843, 1.93652, 120.5388)|move
-1|(-32.14671, 1.93652, 120.4588)|move
-1|(-32.14498, 1.93652, 120.3789)|move
-1|(-32.14326, 1.93652, 120.2989)|move
-1|(-32.14153, 1.93652, 120.2189)|move
-1|(-32.13981, 1.93652, 120.1389)|move
-1|(-32.13808, 1.93652, 120.0589)|move
-1|(-32.13636, 1.93652, 119.979)|move
-1|(-32.13464, 1.93652, 119.899)|move
-1|(-32.13291, 1.93652, 119.819)|move
-1|(-32.13119, 1.93652, 119.739)|move
-1|(-32.12946, 1.93652, 119.659)|move
-1|(-32.12774, 1.93652, 119.5791)|move
-1|(-32.12601, 1.93652, 119.4991)|move
-1|(-32.12429, 1.93652, 119.4191)|move
-1|(-32.12257, 1.93652, 119.3391)|move
-1|(-32.12084, 1.93652, 119.2592)|move
-1|(-32.11912, 1.93652, 119.1792)|move
-1|(-32.11739, 1.93652, 119.0992)|move
-1|(-32.11567, 1.93652, 119.0192)|move
-1|(-32.11395, 1.93652, 118.9392)|move
-1|(-32.11222, 1.93652, 118.8593)|move
-1|(-32.1105, 1.93652, 118.7793)|move
-1|(-32.10878, 1.93652, 118.6993)|move
-1|(-32.10706, 1.93652, 118.6193)|move
-1|(-32.10533, 1.93652, 118.5393)|move
-1|(-32.10361, 1.93652, 118.4594)|move
-1|(-32.10189, 1.93652, 118.3794)|move
-1|(-32.10017, 1.93652, 118.2994)|move
-1|(-32.09844, 1.93652, 118.2194)|move
-1|(-32.09672, 1.93652, 118.1395)|move
-1|(-32.095, 1.93652, 118.0595)|move
-1|(-32.09327, 1.93652, 117.9795)|move
-1|(-32.09155, 1.93652, 117.8995)|move
-1|(-32.08982, 1.93652, 117.8195)|move
-1|(-32.0881, 1.93652, 117.7396)|move
-1|(-32.08638, 1.93652, 117.6596)|move
-1|(-32.08465, 1.93652, 117.5796)|move
-1|(-32.08293, 1.93652, 117.4996)|move
-1|(-32.0812, 1.93652, 117.4196)|move
-1|(-32.07948, 1.93652, 117.3397)|move
-1|(-32.07775, 1.93652, 117.2597)|move
-1|(-32.07603, 1.93652, 117.1797)|move
-1|(-32.07431, 1.93652, 117.0997)|move
-1|(-32.07258, 1.93652, 117.0197)|move
-1|(-32.07086, 1.93652, 116.9398)|move
-1|(-32.06913, 1.93652, 116.8598)|move
-1|(-32.06741, 1.93652, 116.7798)|move
-1|(-32.06569, 1.93652, 116.6998)|move
-1|(-32.06396, 1.93652, 116.6199)|move
-1|(-32.06224, 1.93652, 116.5399)|move
-1|(-32.06052, 1.93652, 116.4599)|move
-1|(-32.0588, 1.93652, 116.3799)|move
-1|(-32.05707, 1.93652, 116.2999)|move
-1|(-32.05535, 1.93652, 116.22)|move
-1|(-32.05363, 1.93652, 116.14)|move
-1|(-32.05191, 1.93652, 116.06)|move
-1|(-32.05018, 1.93652, 115.98)|move
-1|(-32.04846, 1.93652, 115.9)|move
-1|(-32.04674, 1.93652, 115.8201)|move
226|(-32.0453, 1.93652, 115.753)|move
227|(-31.96666, 1.93652, 115.7677)|move
-1|(-31.88802, 1.93652, 115.7824)|move
-1|(-31.80938, 1.93652, 115.7971)|move
-1|(-31.73074, 1.93652, 115.8118)|move
-1|(-31.6521, 1.93652, 115.8265)|move
-1|(-31.57346, 1.93652, 115.8411)|move
-1|(-31.49482, 1.93652, 115.8558)|move
-1|(-31.41618, 1.93652, 115.8705)|move
-1|(-31.33754, 1.93652, 115.8852)|move
-1|(-31.2589, 1.93652, 115.8999)|move
-1|(-31.18026, 1.93652, 115.9146)|move
-1|(-31.10162, 1.93652, 115.9293)|move
-1|(-31.02298, 1.93652, 115.944)|move
-1|(-30.94434, 1.93652, 115.9586)|move
-1|(-30.8657, 1.93652, 115.9733)|move
-1|(-30.78706, 1.93652, 115.988)|move
-1|(-30.70842, 1.93652, 116.0027)|move
-1|(-30.62978, 1.93652, 116.0174)|move
-1|(-30.55114, 1.93652, 116.0321)|move
-1|(-30.4725, 1.93652, 116.0468)|move
-1|(-30.39386, 1.93652, 116.0615)|move
-1|(-30.31522, 1.93652, 116.0762)|move
-1|(-30.23658, 1.93652, 116.0909)|move
-1|(-30.15794, 1.93652, 116.1055)|move
-1|(-30.0793, 1.93652, 116.1202)|move
-1|(-30.00066, 1.93652, 116.1349)|move
-1|(-29.92202, 1.93652, 116.1496)|move
-1|(-29.84338, 1.93652, 116.1643)|move
-1|(-29.76474, 1.93652, 116.179)|move
-1|(-29.6861, 1.93652, 116.1937)|move
-1|(-29.60746, 1.93652, 116.2084)|move
-1|(-29.52882, 1.93652, 116.2231)|move
-1|(-29.45018, 1.93652, 116.2378)|move
-1|(-29.37154, 1.93652, 116.2524)|move
-1|(-29.2929, 1.93652, 116.2671)|move
-1|(-29.21426, 1.93652, 116.2818)|move
-1|(-29.13562, 1.93652, 116.2965)|move
-1|(-29.05698, 1.93652, 116.3112)|move
-1|(-28.97834, 1.93652, 116.3259)|move
-1|(-28.8997, 1.93652, 116.3406)|move
-1|(-28.82106, 1.93652, 116.3553)|move
-1|(-28.74242, 1.93652, 116.37)|move
-1|(-28.66378, 1.93652, 116.3847)|move
-1|(-28.58514, 1.93652, 116.3993)|move
-1|(-28.5065, 1.93652, 116.414)|move
-1|(-28.42786, 1.93652, 116.4287)|move
-1|(-28.34922, 1.93652, 116.4434)|move
-1|(-28.27058, 1.93652, 116.4581)|move
-1|(-28.19194, 1.93652, 116.4728)|move
-1|(-28.1133, 1.93652, 116.4875)|move
-1|(-28.03466, 1.93652, 116.5022)|move
-1|(-27.95602, 1.93652, 116.5169)|move
-1|(-27.87738, 1.93652, 116.5315)|move
-1|(-27.79874, 1.93652, 116.5462)|move
-1|(-27.7201, 1.93652, 116.5609)|move
-1|(-27.64146, 1.93652, 116.5756)|move
-1|(-27.56282, 1.93652, 116.5903)|move
-1|(-27.48418, 1.93652, 116.605)|move
-1|(-27.40554, 1.93652, 116.6197)|move
-1|(-27.3269, 1.93652, 116.6343)|move
-1|(-27.24826, 1.93652, 116.649)|move
-1|(-27.16962, 1.93652, 116.6637)|move
-1|(-27.09098, 1.93652, 116.6784)|move
-1|(-27.01234, 1.93652, 116.6931)|move
-1|(-26.9337, 1.93652, 116.7078)|move
-1|(-26.85506, 1.93652, 116.7225)|move
-1|(-26.77642, 1.93652, 116.7372)|move
-1|(-26.69778, 1.93652, 116.7518)|move
-1|(-26.61914, 1.93652, 116.7665)|move
-1|(-26.5405, 1.93652, 116.7812)|move
-1|(-26.46186, 1.93652, 116.7959)|move
-1|(-26.38322, 1.93652, 116.8106)|move
-1|(-26.30458, 1.93652, 116.8253)|move
-1|(-26.22594, 1.93652, 116.84)|move
-1|(-26.1473, 1.93652, 116.8546)|move
-1|(-26.06866, 1.93652, 116.8693)|move
-1|(-25.99002, 1.93652, 116.884)|move
-1|(-25.91138, 1.93652, 116.8987)|move
-1|(-25.83274, 1.93652, 116.9134)|move
-1|(-25.7541, 1.93652, 116.9281)|move
-1|(-25.67546, 1.93652, 116.9428)|move
-1|(-25.59682, 1.93652, 116.9575)|move
-1|(-25.51818, 1.93652, 116.9722)|move
-1|(-25.43954, 1.93652, 116.9868)|move
-1|(-25.3609, 1.93652, 117.0015)|move
-1|(-25.28226, 1.93652, 117.0162)|move
-1|(-25.20362, 1.93652, 117.0309)|move
-1|(-25.12498, 1.93652, 117.0456)|move
-1|(-25.04634, 1.93652, 117.0603)|move
-1|(-24.9677, 1.93652, 117.075)|move
-1|(-24.88906, 1.93652, 117.0897)|move
-1|(-24.81042, 1.93652, 117.1044)|move
-1|(-24.73178, 1.93652, 117.1191)|move
-1|(-24.65314, 1.93652, 117.1338)|move
-1|(-24.5745, 1.93652, 117.1484)|move
-1|(-24.49586, 1.93652, 117.1631)|move
-1|(-24.41722, 1.93652, 117.1778)|move
-1|(-24.33858, 1.93652, 117.1925)|move
-1|(-24.25994, 1.93652, 117.2072)|move
-1|(-24.1813, 1.93652, 117.2219)|move
-1|(-24.10266, 1.93652, 117.2366)|move
-1|(-24.02402, 1.93652, 117.2513)|move
-1|(-23.94538, 1.93652, 117.266)|move
-1|(-23.86674, 1.93652, 117.2807)|move
-1|(-23.7881, 1.93652, 117.2953)|move
-1|(-23.70946, 1.93652, 117.31)|move
-1|(-23.63082, 1.93652, 117.3247)|move
-1|(-23.55218, 1.93652, 117.3394)|move
-1|(-23.47354, 1.93652, 117.3541)|move
-1|(-23.3949, 1.93652, 117.3688)|move
-1|(-23.31626, 1.93652, 117.3835)|move
-1|(-23.23762, 1.93652, 117.3982)|move
-1|(-23.15898, 1.93652, 117.4129)|move
-1|(-23.08034, 1.93652, 117.4276)|move
-1|(-23.0017, 1.93652, 117.4423)|move
-1|(-22.92306, 1.93652, 117.4569)|move
-1|(-22.84442, 1.93652, 117.4716)|move
-1|(-22.76578, 1.93652, 117.4863)|move
-1|(-22.68714, 1.93652, 117.501)|move
-1|(-22.6085, 1.93652, 117.5157)|move
-1|(-22.52986, 1.93652, 117.5304)|move
-1|(-22.45122, 1.93652, 117.5451)|move
-1|(-22.37258, 1.93652, 117.5598)|move
-1|(-22.29394, 1.93652, 117.5745)|move
-1|(-22.2153, 1.93652, 117.5892)|move
-1|(-22.13666, 1.93652, 117.6039)|move
-1|(-22.05802, 1.93652, 117.6185)|move
-1|(-21.97938, 1.93652, 117.6332)|move
-1|(-21.90074, 1.93652, 117.6479)|move
-1|(-21.8221, 1.93652, 117.6626)|move
-1|(-21.74346, 1.93652, 117.6773)|move
-1|(-21.66482, 1.93652, 117.692)|move
-1|(-21.58618, 1.93652, 117.7067)|move
-1|(-21.50754, 1.93652, 117.7213)|move
-1|(-21.4289, 1.93652, 117.736)|move
-1|(-21.35026, 1.93652, 117.7507)|move
-1|(-21.27162, 1.93652, 117.7654)|move
-1|(-21.19298, 1.93652, 117.7801)|move
-1|(-21.11434, 1.93652, 117.7948)|move
-1|(-21.0357, 1.93652, 117.8095)|move
-1|(-20.95706, 1.93652, 117.8242)|move
-1|(-20.87842, 1.93652, 117.8388)|move
-1|(-20.79978, 1.93652, 117.8535)|move
-1|(-20.72114, 1.93652, 117.8682)|move
-1|(-20.6425, 1.93652, 117.8829)|move
-1|(-20.56386, 1.93652, 117.8976)|move
-1|(-20.48522, 1.93652, 117.9123)|move
-1|(-20.40658, 1.93652, 117.927)|move
-1|(-20.32794, 1.93652, 117.9417)|move
-1|(-20.2493, 1.93652, 117.9564)|move
-1|(-20.17066, 1.93652, 117.9711)|move
-1|(-20.09202, 1.93652, 117.9857)|move
-1|(-20.01338, 1.93652, 118.0004)|move
-1|(-19.93474, 1.93652, 118.0151)|move
-1|(-19.8561, 1.93652, 118.0298)|move
-1|(-19.77746, 1.93652, 118.0445)|move
-1|(-19.69882, 1.93652, 118.0592)|move
-1|(-19.62018, 1.93652, 118.0739)|move
385|(-19.6135, 1.93652, 118.0751)|move
386|(-19.56298, 1.93652, 118.1372)|move
-1|(-19.51246, 1.93652, 118.1992)|move
-1|(-19.46194, 1.93652, 118.2612)|move
-1|(-19.41142, 1.93652, 118.3232)|move
-1|(-19.3609, 1.93652, 118.3853)|move
-1|(-19.31038, 1.93652, 118.4473)|move
-1|(-19.25986, 1.93652, 118.5093)|move
-1|(-19.20934, 1.93652, 118.5714)|move
-1|(-19.15882, 1.93652, 118.6334)|move
-1|(-19.1083, 1.93652, 118.6954)|move
-1|(-19.05778, 1.93652, 118.7574)|move
-1|(-19.00726, 1.93652, 118.8195)|move
-1|(-18.95674, 1.93652, 118.8815)|move
-1|(-18.90622, 1.93652, 118.9435)|move
-1|(-18.8557, 1.93652, 119.0055)|move
-1|(-18.80518, 1.93652, 119.0676)|move
-1|(-18.75466, 1.93652, 119.1296)|move
-1|(-18.70414, 1.93652, 119.1916)|move
-1|(-18.65362, 1.93652, 119.2537)|move
-1|(-18.6031, 1.93652, 119.3157)|move
-1|(-18.55258, 1.93652, 119.3777)|move
-1|(-18.50206, 1.93652, 119.4397)|move
-1|(-18.45154, 1.93652, 119.5018)|move
-1|(-18.40102, 1.93652, 119.5638)|move
-1|(-18.3505, 1.93652, 119.6258)|move
-1|(-18.29998, 1.93652, 119.6878)|move
-1|(-18.24946, 1.93652, 119.7499)|move
-1|(-18.19894, 1.93652, 119.8119)|move
-1|(-18.14842, 1.93652, 119.8739)|move
-1|(-18.0979, 1.93652, 119.936)|move
-1|(-18.04738, 1.93652, 119.998)|move
-1|(-17.99686, 1.93652, 120.06)|move
-1|(-17.94634, 1.93652, 120.122)|move
-1|(-17.89582, 1.93652, 120.1841)|move
-1|(-17.8453, 1.93652, 120.2461)|move
-1|(-17.79478, 1.93652, 120.3081)|move
-1|(-17.74426, 1.93652, 120.3702)|move
-1|(-17.69374, 1.93652, 120.4322)|move
-1|(-17.64322, 1.93652, 120.4942)|move
-1|(-17.5927, 1.93652, 120.5563)|move
-1|(-17.54218, 1.93652, 120.6183)|move
-1|(-17.49166, 1.93652, 120.6803)|move
-1|(-17.44114, 1.93652, 120.7424)|move
-1|(-17.39063, 1.93652, 120.8044)|move
-1|(-17.34011, 1.93652, 120.8664)|move
-1|(-17.28959, 1.93652, 120.9285)|move
-1|(-17.23907, 1.93652, 120.9905)|move
-1|(-17.18855, 1.93652, 121.0525)|move
-1|(-17.13803, 1.93652, 121.1145)|move
-1|(-17.08751, 1.93652, 121.1766)|move
-1|(-17.03699, 1.93652, 121.2386)|move
-1|(-16.98647, 1.93652, 121.3006)|move
-1|(-16.93596, 1.93652, 121.3627)|move
-1|(-16.88544, 1.93652, 121.4247)|move
-1|(-16.83492, 1.93652, 121.4867)|move
-1|(-16.7844, 1.93652, 121.5487)|move
-1|(-16.73388, 1.93652, 121.6108)|move
-1|(-16.68336, 1.93652, 121.6728)|move
-1|(-16.63284, 1.93652, 121.7348)|move
-1|(-16.58232, 1.93652, 121.7969)|move
-1|(-16.5318, 1.93652, 121.8589)|move
-1|(-16.48128, 1.93652, 121.9209)|move
-1|(-16.43076, 1.93652, 121.9829)|move
-1|(-16.38024, 1.93652, 122.045)|move
-1|(-16.32972, 1.93652, 122.107)|move
-1|(-16.2792, 1.93652, 122.169)|move
-1|(-16.22868, 1.93652, 122.231)|move
-1|(-16.17816, 1.93652, 122.2931)|move
-1|(-16.12764, 1.93652, 122.3551)|move
-1|(-16.07712, 1.93652, 122.4171)|move
-1|(-16.0266, 1.93652, 122.4792)|move
-1|(-15.97608, 1.93652, 122.5412)|move
-1|(-15.92556, 1.93652, 122.6032)|move
-1|(-15.87504, 1.93652, 122.6652)|move
-1|(-15.82452, 1.93652, 122.7273)|move
-1|(-15.774, 1.93652, 122.7893)|move
-1|(-15.72348, 1.93652, 122.8513)|move
-1|(-15.67296, 1.93652, 122.9133)|move
-1|(-15.62244, 1.93652, 122.9754)|move
-1|(-15.57192, 1.93652, 123.0374)|move
-1|(-15.5214, 1.93652, 123.0994)|move
-1|(-15.47088, 1.93652, 123.1615)|move
-1|(-15.42036, 1.93652, 123.2235)|move
-1|(-15.36984, 1.93652, 123.2855)|move
-1|(-15.31932, 1.93652, 123.3475)|move
-1|(-15.2688, 1.93652, 123.4096)|move
-1|(-15.21828, 1.93652, 123.4716)|move
-1|(-15.16776, 1.93652, 123.5336)|move
-1|(-15.11724, 1.93652, 123.5956)|move
-1|(-15.06672, 1.93652, 123.6577)|move
-1|(-15.0162, 1.93652, 123.7197)|move
-1|(-14.96568, 1.93652, 123.7817)|move
-1|(-14.91516, 1.93652, 123.8438)|move
-1|(-14.86465, 1.93652, 123.9058)|move
-1|(-14.81413, 1.93652, 123.9678)|move
-1|(-14.76361, 1.93652, 124.0299)|move
-1|(-14.71309, 1.93652, 124.0919)|move
-1|(-14.66257, 1.93652, 124.1539)|move
-1|(-14.61205, 1.93652, 124.2159)|move
-1|(-14.56153, 1.93652, 124.278)|move
-1|(-14.51101, 1.93652, 124.34)|move
-1|(-14.46049, 1.93652, 124.402)|move
-1|(-14.40997, 1.93652, 124.4641)|move
-1|(-14.35946, 1.93652, 124.5261)|move
-1|(-14.30894, 1.93652, 124.5881)|move
-1|(-14.25842, 1.93652, 124.6502)|move
-1|(-14.2079, 1.93652, 124.7122)|move
-1|(-14.15738, 1.93652, 124.7742)|move
-1|(-14.10686, 1.93652, 124.8363)|move
-1|(-14.05634, 1.93652, 124.8983)|move
-1|(-14.00582, 1.93652, 124.9603)|move
-1|(-13.9553, 1.93652, 125.0223)|move
-1|(-13.90478, 1.93652, 125.0844)|move
-1|(-13.85426, 1.93652, 125.1464)|move
-1|(-13.80374, 1.93652, 125.2084)|move
-1|(-13.75322, 1.93652, 125.2705)|move
-1|(-13.74305, 1.93652, 125.2829)|move
-1|/root/Control/NavigationRegion3D/Clou2CustomMission/Inside/Floor0/Tür [Schwarzes Glas]|look at
-1|/root/Control/NavigationRegion3D/Clou2CustomMission/Inside/Floor0/Tür [Schwarzes Glas]|look at
505|/root/Control/NavigationRegion3D/Clou2CustomMission/Inside/Floor0/Tür [Schwarzes Glas]|look at
506|(-13.77289, 1.93652, 125.3572)|move
-1|(-13.80273, 1.93652, 125.4314)|move
-1|(-13.83257, 1.93652, 125.5056)|move
-1|(-13.86241, 1.93652, 125.5798)|move
-1|(-13.87971, 1.93652, 125.6229)|move
-1|(-13.87989, 1.93652, 125.6233)|move
-1|(-13.90973, 1.93652, 125.6975)|move
-1|(-13.93957, 1.93652, 125.7718)|move
-1|(-13.96941, 1.93652, 125.846)|move
-1|(-13.99925, 1.93652, 125.9202)|move
-1|(-14.02909, 1.93652, 125.9944)|move
-1|(-14.05893, 1.93652, 126.0687)|move
-1|(-14.08877, 1.93652, 126.1429)|move
-1|(-14.11862, 1.93652, 126.2171)|move
-1|(-14.14846, 1.93652, 126.2914)|move
-1|(-14.1783, 1.93652, 126.3656)|move
-1|(-14.20814, 1.93652, 126.4398)|move
-1|(-14.23798, 1.93652, 126.514)|move
-1|(-14.26782, 1.93652, 126.5883)|move
-1|(-14.29766, 1.93652, 126.6625)|move
-1|(-14.3275, 1.93652, 126.7367)|move
-1|(-14.35734, 1.93652, 126.8109)|move
-1|(-14.38718, 1.93652, 126.8852)|move
-1|(-14.41702, 1.93652, 126.9594)|move
-1|(-14.44687, 1.93652, 127.0336)|move
-1|(-14.47671, 1.93652, 127.1078)|move
-1|(-14.50655, 1.93652, 127.1821)|move
-1|(-14.53639, 1.93652, 127.2563)|move
-1|(-14.56623, 1.93652, 127.3305)|move
-1|(-14.59607, 1.93652, 127.4047)|move
-1|(-14.62591, 1.93652, 127.479)|move
-1|(-14.65575, 1.93652, 127.5532)|move
-1|(-14.68559, 1.93652, 127.6274)|move
-1|(-14.71544, 1.93652, 127.7017)|move
-1|(-14.74528, 1.93652, 127.7759)|move
-1|(-14.77512, 1.93652, 127.8501)|move
-1|(-14.80496, 1.93652, 127.9243)|move
-1|(-14.8348, 1.93652, 127.9986)|move
-1|(-14.86464, 1.93652, 128.0728)|move
-1|(-14.89448, 1.93652, 128.147)|move
-1|(-14.92432, 1.93652, 128.2212)|move
-1|(-14.95416, 1.93652, 128.2954)|move
-1|(-14.984, 1.93652, 128.3697)|move
-1|(-15.01384, 1.93652, 128.4439)|move
-1|(-15.04368, 1.93652, 128.5181)|move
-1|(-15.07352, 1.93652, 128.5923)|move
-1|(-15.10336, 1.93652, 128.6665)|move
-1|(-15.13321, 1.93652, 128.7408)|move
-1|(-15.16305, 1.93652, 128.815)|move
-1|(-15.19289, 1.93652, 128.8892)|move
-1|(-15.22273, 1.93652, 128.9634)|move
-1|(-15.25257, 1.93652, 129.0376)|move
-1|(-15.28241, 1.93652, 129.1118)|move
-1|(-15.31225, 1.93652, 129.1861)|move
-1|(-15.34209, 1.93652, 129.2603)|move
-1|(-15.37193, 1.93652, 129.3345)|move
-1|(-15.40177, 1.93652, 129.4087)|move
-1|(-15.43161, 1.93652, 129.4829)|move
-1|(-15.46145, 1.93652, 129.5572)|move
-1|(-15.49129, 1.93652, 129.6314)|move
-1|(-15.52113, 1.93652, 129.7056)|move
-1|(-15.55097, 1.93652, 129.7798)|move
-1|(-15.58081, 1.93652, 129.854)|move
-1|(-15.61065, 1.93652, 129.9283)|move
-1|(-15.64049, 1.93652, 130.0025)|move
-1|(-15.67033, 1.93652, 130.0767)|move
-1|(-15.70017, 1.93652, 130.1509)|move
-1|(-15.73001, 1.93652, 130.2251)|move
-1|(-15.75986, 1.93652, 130.2993)|move
-1|(-15.7897, 1.93652, 130.3736)|move
-1|(-15.81954, 1.93652, 130.4478)|move
-1|(-15.84938, 1.93652, 130.522)|move
-1|(-15.87922, 1.93652, 130.5962)|move
-1|(-15.90906, 1.93652, 130.6705)|move
-1|(-15.9389, 1.93652, 130.7447)|move
-1|(-15.96874, 1.93652, 130.8189)|move
-1|(-15.99858, 1.93652, 130.8931)|move
-1|(-16.02842, 1.93652, 130.9674)|move
-1|(-16.05826, 1.93652, 131.0416)|move
-1|(-16.0881, 1.93652, 131.1158)|move
-1|(-16.11794, 1.93652, 131.1901)|move
-1|(-16.14778, 1.93652, 131.2643)|move
-1|(-16.17762, 1.93652, 131.3385)|move
-1|(-16.20746, 1.93652, 131.4127)|move
-1|(-16.2373, 1.93652, 131.487)|move
-1|(-16.26714, 1.93652, 131.5612)|move
-1|(-16.29698, 1.93652, 131.6354)|move
-1|(-16.32682, 1.93652, 131.7096)|move
-1|(-16.35666, 1.93652, 131.7839)|move
-1|(-16.38651, 1.93652, 131.8581)|move
-1|(-16.41635, 1.93652, 131.9323)|move
-1|(-16.44619, 1.93652, 132.0065)|move
-1|(-16.47603, 1.93652, 132.0808)|move
-1|(-16.50587, 1.93652, 132.155)|move
-1|(-16.53571, 1.93652, 132.2292)|move
-1|(-16.56555, 1.93652, 132.3035)|move
-1|(-16.59539, 1.93652, 132.3777)|move
-1|(-16.62523, 1.93652, 132.4519)|move
-1|(-16.65507, 1.93652, 132.5261)|move
-1|(-16.68491, 1.93652, 132.6004)|move
-1|(-16.71475, 1.93652, 132.6746)|move
-1|(-16.74459, 1.93652, 132.7488)|move
-1|(-16.77443, 1.93652, 132.823)|move
-1|(-16.80427, 1.93652, 132.8973)|move
-1|(-16.83411, 1.93652, 132.9715)|move
-1|(-16.86395, 1.93652, 133.0457)|move
-1|(-16.89379, 1.93652, 133.1199)|move
-1|(-16.92363, 1.93652, 133.1942)|move
-1|(-16.95347, 1.93652, 133.2684)|move
-1|(-16.98331, 1.93652, 133.3426)|move
-1|(-17.01315, 1.93652, 133.4169)|move
-1|(-17.043, 1.93652, 133.4911)|move
-1|(-17.07284, 1.93652, 133.5653)|move
-1|(-17.10268, 1.93652, 133.6395)|move
-1|(-17.13252, 1.93652, 133.7138)|move
-1|(-17.16236, 1.93652, 133.788)|move
-1|(-17.1922, 1.93652, 133.8622)|move
-1|(-17.22204, 1.93652, 133.9364)|move
-1|(-17.25188, 1.93652, 134.0107)|move
-1|(-17.28172, 1.93652, 134.0849)|move
-1|(-17.31156, 1.93652, 134.1591)|move
-1|(-17.3414, 1.93652, 134.2334)|move
-1|(-17.37124, 1.93652, 134.3076)|move
-1|(-17.40108, 1.93652, 134.3818)|move
-1|(-17.43092, 1.93652, 134.456)|move
-1|(-17.46076, 1.93652, 134.5303)|move
-1|(-17.4906, 1.93652, 134.6045)|move
-1|(-17.52044, 1.93652, 134.6787)|move
-1|(-17.55028, 1.93652, 134.7529)|move
-1|(-17.58012, 1.93652, 134.8272)|move
-1|(-17.60996, 1.93652, 134.9014)|move
-1|(-17.6398, 1.93652, 134.9756)|move
-1|(-17.66965, 1.93652, 135.0499)|move
-1|(-17.69949, 1.93652, 135.1241)|move
-1|(-17.72933, 1.93652, 135.1983)|move
-1|(-17.75917, 1.93652, 135.2725)|move
-1|(-17.78901, 1.93652, 135.3468)|move
-1|(-17.81885, 1.93652, 135.421)|move
-1|(-17.84869, 1.93652, 135.4952)|move
-1|(-17.87853, 1.93652, 135.5694)|move
-1|(-17.90837, 1.93652, 135.6437)|move
-1|(-17.93821, 1.93652, 135.7179)|move
-1|(-17.96805, 1.93652, 135.7921)|move
-1|(-17.99789, 1.93652, 135.8663)|move
-1|(-18.02773, 1.93652, 135.9406)|move
-1|(-18.05757, 1.93652, 136.0148)|move
-1|(-18.08741, 1.93652, 136.089)|move
-1|(-18.11725, 1.93652, 136.1633)|move
-1|(-18.14709, 1.93652, 136.2375)|move
-1|(-18.17693, 1.93652, 136.3117)|move
-1|(-18.20677, 1.93652, 136.3859)|move
-1|(-18.23661, 1.93652, 136.4602)|move
-1|(-18.26645, 1.93652, 136.5344)|move
-1|(-18.2963, 1.93652, 136.6086)|move
-1|(-18.32614, 1.93652, 136.6828)|move
-1|(-18.35598, 1.93652, 136.7571)|move
-1|(-18.38582, 1.93652, 136.8313)|move
-1|(-18.41566, 1.93652, 136.9055)|move
-1|(-18.4455, 1.93652, 136.9797)|move
-1|(-18.47534, 1.93652, 137.054)|move
-1|(-18.50518, 1.93652, 137.1282)|move
-1|(-18.53502, 1.93652, 137.2024)|move
-1|(-18.56486, 1.93652, 137.2767)|move
-1|(-18.5947, 1.93652, 137.3509)|move
-1|(-18.62454, 1.93652, 137.4251)|move
-1|(-18.65438, 1.93652, 137.4993)|move
-1|(-18.68422, 1.93652, 137.5736)|move
-1|(-18.71406, 1.93652, 137.6478)|move
-1|(-18.7439, 1.93652, 137.722)|move
-1|(-18.77374, 1.93652, 137.7962)|move
-1|(-18.80358, 1.93652, 137.8705)|move
-1|(-18.83342, 1.93652, 137.9447)|move
-1|(-18.86326, 1.93652, 138.0189)|move
-1|(-18.8931, 1.93652, 138.0931)|move
-1|(-18.92295, 1.93652, 138.1674)|move
-1|(-18.95279, 1.93652, 138.2416)|move
-1|(-18.98262, 1.93652, 138.3158)|move
-1|(-19.01247, 1.93652, 138.39)|move
684|(-19.01339, 1.93652, 138.3923)|move
685|(-19.08412, 1.93652, 138.4297)|move
-1|(-19.15484, 1.93652, 138.4671)|move
-1|(-19.22557, 1.93652, 138.5045)|move
-1|(-19.2963, 1.93652, 138.5419)|move
-1|(-19.36702, 1.93652, 138.5793)|move
-1|(-19.43775, 1.93652, 138.6167)|move
-1|(-19.50847, 1.93652, 138.654)|move
-1|(-19.5792, 1.93652, 138.6914)|move
-1|(-19.64993, 1.93652, 138.7288)|move
-1|(-19.72065, 1.93652, 138.7662)|move
-1|(-19.79138, 1.93652, 138.8036)|move
-1|(-19.8621, 1.93652, 138.841)|move
-1|(-19.93283, 1.93652, 138.8783)|move
-1|(-20.00355, 1.93652, 138.9157)|move
-1|(-20.07427, 1.93652, 138.9531)|move
-1|(-20.145, 1.93652, 138.9905)|move
-1|(-20.21572, 1.93652, 139.0279)|move
-1|(-20.28645, 1.93652, 139.0653)|move
-1|(-20.35717, 1.93652, 139.1027)|move
-1|(-20.4279, 1.93652, 139.1401)|move
-1|(-20.49862, 1.93652, 139.1775)|move
-1|(-20.56934, 1.93652, 139.2148)|move
-1|(-20.64007, 1.93652, 139.2522)|move
-1|(-20.71079, 1.93652, 139.2896)|move
-1|(-20.78152, 1.93652, 139.327)|move
-1|(-20.85225, 1.93652, 139.3644)|move
-1|(-20.92297, 1.93652, 139.4018)|move
-1|(-20.9937, 1.93652, 139.4392)|move
-1|(-21.06442, 1.93652, 139.4765)|move
-1|(-21.13515, 1.93652, 139.5139)|move
-1|(-21.20588, 1.93652, 139.5513)|move
-1|(-21.2766, 1.93652, 139.5887)|move
-1|(-21.34733, 1.93652, 139.6261)|move
-1|(-21.41806, 1.93652, 139.6635)|move
-1|(-21.48878, 1.93652, 139.7009)|move
-1|(-21.55951, 1.93652, 139.7382)|move
-1|(-21.63023, 1.93652, 139.7756)|move
-1|(-21.70096, 1.93652, 139.813)|move
-1|(-21.77168, 1.93652, 139.8504)|move
-1|(-21.84241, 1.93652, 139.8878)|move
-1|(-21.91313, 1.93652, 139.9252)|move
-1|(-21.98385, 1.93652, 139.9625)|move
-1|(-22.05458, 1.93652, 139.9999)|move
-1|(-22.1253, 1.93652, 140.0373)|move
-1|(-22.19603, 1.93652, 140.0747)|move
-1|(-22.26675, 1.93652, 140.1121)|move
-1|(-22.33747, 1.93652, 140.1495)|move
-1|(-22.4082, 1.93652, 140.1869)|move
-1|(-22.47892, 1.93652, 140.2243)|move
-1|(-22.54964, 1.93652, 140.2617)|move
-1|(-22.62037, 1.93652, 140.299)|move
-1|(-22.69109, 1.93652, 140.3364)|move
-1|(-22.76182, 1.93652, 140.3738)|move
-1|(-22.83254, 1.93652, 140.4112)|move
-1|(-22.90326, 1.93652, 140.4486)|move
-1|(-22.97399, 1.93652, 140.486)|move
-1|(-23.04472, 1.93652, 140.5234)|move
-1|(-23.11544, 1.93652, 140.5608)|move
-1|(-23.18617, 1.93652, 140.5981)|move
-1|(-23.2569, 1.93652, 140.6355)|move
-1|(-23.32762, 1.93652, 140.6729)|move
-1|(-23.39835, 1.93652, 140.7103)|move
-1|(-23.46908, 1.93652, 140.7477)|move
-1|(-23.5398, 1.93652, 140.7851)|move
-1|(-23.61053, 1.93652, 140.8224)|move
-1|(-23.68126, 1.93652, 140.8598)|move
-1|(-23.75198, 1.93652, 140.8972)|move
-1|(-23.82271, 1.93652, 140.9346)|move
-1|(-23.89343, 1.93652, 140.972)|move
-1|(-23.96416, 1.93652, 141.0094)|move
-1|(-24.03488, 1.93652, 141.0468)|move
-1|(-24.10561, 1.93652, 141.0841)|move
-1|(-24.17633, 1.93652, 141.1215)|move
-1|(-24.24706, 1.93652, 141.1589)|move
-1|(-24.31778, 1.93652, 141.1963)|move
-1|(-24.3885, 1.93652, 141.2337)|move
-1|(-24.45923, 1.93652, 141.2711)|move
-1|(-24.52995, 1.93652, 141.3084)|move
-1|(-24.60068, 1.93652, 141.3458)|move
-1|(-24.6714, 1.93652, 141.3832)|move
-1|(-24.74213, 1.93652, 141.4206)|move
-1|(-24.81285, 1.93652, 141.458)|move
-1|(-24.88358, 1.93652, 141.4954)|move
-1|(-24.9543, 1.93652, 141.5328)|move
-1|(-25.02502, 1.93652, 141.5702)|move
-1|(-25.09575, 1.93652, 141.6076)|move
-1|(-25.16647, 1.93652, 141.6449)|move
-1|(-25.2372, 1.93652, 141.6823)|move
-1|(-25.30792, 1.93652, 141.7197)|move
-1|(-25.37865, 1.93652, 141.7571)|move
-1|(-25.44937, 1.93652, 141.7945)|move
-1|(-25.5201, 1.93652, 141.8319)|move
-1|(-25.59082, 1.93652, 141.8693)|move
-1|(-25.66154, 1.93652, 141.9067)|move
-1|(-25.73227, 1.93652, 141.9441)|move
-1|(-25.803, 1.93652, 141.9815)|move
-1|(-25.87372, 1.93652, 142.0188)|move
-1|(-25.94445, 1.93652, 142.0562)|move
-1|(-26.01517, 1.93652, 142.0936)|move
-1|(-26.0859, 1.93652, 142.131)|move
-1|(-26.1499, 1.93652, 142.179)|move
-1|(-26.2139, 1.93652, 142.227)|move
-1|(-26.2779, 1.93652, 142.275)|move
-1|(-26.3419, 1.93652, 142.323)|move
-1|(-26.4059, 1.93652, 142.371)|move
-1|(-26.46991, 1.93652, 142.419)|move
-1|(-26.53391, 1.93652, 142.467)|move
-1|(-26.59791, 1.93652, 142.515)|move
-1|(-26.66192, 1.93652, 142.563)|move
-1|(-26.72592, 1.93652, 142.611)|move
-1|(-26.78992, 1.93652, 142.659)|move
-1|(-26.85393, 1.93652, 142.707)|move
-1|(-26.91793, 1.93652, 142.755)|move
-1|(-26.98193, 1.93652, 142.803)|move
-1|(-27.04593, 1.93652, 142.851)|move
-1|(-27.086, 1.93652, 142.8811)|move
-1|/root/Control/NavigationRegion3D/Clou2CustomMission/Outside/Golden Lion Figure|inspect
-1|/root/Control/NavigationRegion3D/Clou2CustomMission/Outside/Golden Lion Figure|inspect
-1|/root/Control/NavigationRegion3D/Clou2CustomMission/Outside/Golden Lion Figure|inspect
-1|/root/Control/NavigationRegion3D/Clou2CustomMission/Outside/Golden Lion Figure|inspect
-1|/root/Control/NavigationRegion3D/Clou2CustomMission/Outside/Golden Lion Figure|inspect
-1|/root/Control/NavigationRegion3D/Clou2CustomMission/Outside/Golden Lion Figure|inspect
-1|/root/Control/NavigationRegion3D/Clou2CustomMission/Outside/Golden Lion Figure|inspect
-1|/root/Control/NavigationRegion3D/Clou2CustomMission/Outside/Golden Lion Figure|inspect
-1|/root/Control/NavigationRegion3D/Clou2CustomMission/Outside/Golden Lion Figure|inspect
-1|/root/Control/NavigationRegion3D/Clou2CustomMission/Outside/Golden Lion Figure|inspect
-1|/root/Control/NavigationRegion3D/Clou2CustomMission/Outside/Golden Lion Figure|inspect
-1|/root/Control/NavigationRegion3D/Clou2CustomMission/Outside/Golden Lion Figure|inspect
-1|/root/Control/NavigationRegion3D/Clou2CustomMission/Outside/Golden Lion Figure|inspect
-1|/root/Control/NavigationRegion3D/Clou2CustomMission/Outside/Golden Lion Figure|inspect
-1|/root/Control/NavigationRegion3D/Clou2CustomMission/Outside/Golden Lion Figure|inspect
-1|/root/Control/NavigationRegion3D/Clou2CustomMission/Outside/Golden Lion Figure|inspect
-1|/root/Control/NavigationRegion3D/Clou2CustomMission/Outside/Golden Lion Figure|inspect
-1|/root/Control/NavigationRegion3D/Clou2CustomMission/Outside/Golden Lion Figure|inspect
-1|/root/Control/NavigationRegion3D/Clou2CustomMission/Outside/Golden Lion Figure|inspect
-1|/root/Control/NavigationRegion3D/Clou2CustomMission/Outside/Golden Lion Figure|inspect
-1|/root/Control/NavigationRegion3D/Clou2CustomMission/Outside/Golden Lion Figure|inspect
-1|/root/Control/NavigationRegion3D/Clou2CustomMission/Outside/Golden Lion Figure|inspect
-1|/root/Control/NavigationRegion3D/Clou2CustomMission/Outside/Golden Lion Figure|inspect
-1|/root/Control/NavigationRegion3D/Clou2CustomMission/Outside/Golden Lion Figure|inspect
825|/root/Control/NavigationRegion3D/Clou2CustomMission/Outside/Golden Lion Figure|inspect
826|(-27.1054, 1.93652, 142.8035)|move
-1|(-27.12481, 1.93652, 142.7258)|move
-1|(-27.14421, 1.93652, 142.6482)|move
-1|(-27.16361, 1.93652, 142.5706)|move
-1|(-27.18301, 1.93652, 142.493)|move
-1|(-27.20241, 1.93652, 142.4154)|move
-1|(-27.22182, 1.93652, 142.3378)|move
-1|(-27.24122, 1.93652, 142.2602)|move
-1|(-27.26062, 1.93652, 142.1826)|move
-1|(-27.28002, 1.93652, 142.105)|move
-1|(-27.29942, 1.93652, 142.0274)|move
-1|(-27.31882, 1.93652, 141.9498)|move
-1|(-27.39403, 1.93652, 141.9225)|move
-1|(-27.46924, 1.93652, 141.8952)|move
-1|(-27.54445, 1.93652, 141.868)|move
-1|(-27.61966, 1.93652, 141.8407)|move
-1|(-27.69487, 1.93652, 141.8134)|move
-1|(-27.77008, 1.93652, 141.7862)|move
-1|(-27.84529, 1.93652, 141.7589)|move
-1|(-27.92051, 1.93652, 141.7316)|move
-1|(-27.99572, 1.93652, 141.7044)|move
-1|(-28.07093, 1.93652, 141.6771)|move
-1|(-28.14614, 1.93652, 141.6498)|move
-1|(-28.22135, 1.93652, 141.6226)|move
-1|(-28.29656, 1.93652, 141.5953)|move
-1|(-28.37177, 1.93652, 141.568)|move
-1|(-28.44698, 1.93652, 141.5408)|move
-1|(-28.52219, 1.93652, 141.5135)|move
-1|(-28.5974, 1.93652, 141.4862)|move
-1|(-28.67261, 1.93652, 141.459)|move
-1|(-28.74782, 1.93652, 141.4317)|move
-1|(-28.82304, 1.93652, 141.4044)|move
-1|(-28.89825, 1.93652, 141.3772)|move
-1|(-28.97346, 1.93652, 141.3499)|move
-1|(-29.04867, 1.93652, 141.3226)|move
-1|(-29.12389, 1.93652, 141.2954)|move
-1|(-29.1991, 1.93652, 141.2681)|move
-1|(-29.27431, 1.93652, 141.2409)|move
-1|(-29.34952, 1.93652, 141.2136)|move
-1|(-29.42545, 1.93652, 141.1884)|move
-1|(-29.50137, 1.93652, 141.1632)|move
-1|(-29.5773, 1.93652, 141.138)|move
-1|(-29.65322, 1.93652, 141.1128)|move
-1|(-29.72915, 1.93652, 141.0876)|move
-1|(-29.80508, 1.93652, 141.0624)|move
-1|(-29.881, 1.93652, 141.0372)|move
-1|(-29.95693, 1.93652, 141.0119)|move
-1|(-30.03285, 1.93652, 140.9867)|move
-1|(-30.10878, 1.93652, 140.9615)|move
-1|(-30.18471, 1.93652, 140.9363)|move
-1|(-30.26063, 1.93652, 140.9111)|move
-1|(-30.33656, 1.93652, 140.8859)|move
-1|(-30.41248, 1.93652, 140.8607)|move
-1|(-30.48841, 1.93652, 140.8355)|move
-1|(-30.56433, 1.93652, 140.8103)|move
-1|(-30.64026, 1.93652, 140.7851)|move
-1|(-30.71619, 1.93652, 140.7599)|move
-1|(-30.79211, 1.93652, 140.7347)|move
-1|(-30.86804, 1.93652, 140.7095)|move
-1|(-30.94397, 1.93652, 140.6842)|move
-1|(-31.0199, 1.93652, 140.659)|move
-1|(-31.09582, 1.93652, 140.6338)|move
-1|(-31.17175, 1.93652, 140.6086)|move
-1|(-31.24768, 1.93652, 140.5834)|move
-1|(-31.32361, 1.93652, 140.5582)|move
-1|(-31.39953, 1.93652, 140.533)|move
-1|(-31.47546, 1.93652, 140.5078)|move
-1|(-31.55139, 1.93652, 140.4826)|move
-1|(-31.62732, 1.93652, 140.4574)|move
-1|(-31.70325, 1.93652, 140.4322)|move
-1|(-31.77917, 1.93652, 140.407)|move
-1|(-31.8551, 1.93652, 140.3818)|move
-1|(-31.93103, 1.93652, 140.3566)|move
-1|(-32.00695, 1.93652, 140.3314)|move
-1|(-32.08288, 1.93652, 140.3062)|move
-1|(-32.15881, 1.93652, 140.281)|move
-1|(-32.23474, 1.93652, 140.2558)|move
-1|(-32.31067, 1.93652, 140.2306)|move
-1|(-32.38659, 1.93652, 140.2054)|move
-1|(-32.46252, 1.93652, 140.1802)|move
-1|(-32.53845, 1.93652, 140.155)|move
-1|(-32.61438, 1.93652, 140.1298)|move
-1|(-32.6903, 1.93652, 140.1046)|move
-1|(-32.76623, 1.93652, 140.0794)|move
-1|(-32.84216, 1.93652, 140.0542)|move
-1|(-32.91809, 1.93652, 140.029)|move
-1|(-32.99401, 1.93652, 140.0038)|move
913|(-33.0322, 1.93652, 139.9911)|move
914|(-33.02442, 1.93652, 139.9115)|move
-1|(-33.01663, 1.93652, 139.8319)|move
-1|(-33.00885, 1.93652, 139.7523)|move
-1|(-33.00106, 1.93652, 139.6727)|move
-1|(-32.99327, 1.93652, 139.593)|move
-1|(-32.98549, 1.93652, 139.5134)|move
-1|(-32.9777, 1.93652, 139.4338)|move
-1|(-32.96992, 1.93652, 139.3542)|move
-1|(-32.96213, 1.93652, 139.2746)|move
-1|(-32.95435, 1.93652, 139.1949)|move
-1|(-32.94656, 1.93652, 139.1153)|move
-1|(-32.93877, 1.93652, 139.0357)|move
-1|(-32.93099, 1.93652, 138.9561)|move
-1|(-32.9232, 1.93652, 138.8764)|move
-1|(-32.91542, 1.93652, 138.7968)|move
-1|(-32.90763, 1.93652, 138.7172)|move
-1|(-32.89985, 1.93652, 138.6376)|move
-1|(-32.89206, 1.93652, 138.558)|move
-1|(-32.88428, 1.93652, 138.4783)|move
-1|(-32.8765, 1.93652, 138.3987)|move
-1|(-32.86871, 1.93652, 138.3191)|move
-1|(-32.86093, 1.93652, 138.2395)|move
-1|(-32.85314, 1.93652, 138.1599)|move
-1|(-32.84536, 1.93652, 138.0802)|move
-1|(-32.83757, 1.93652, 138.0006)|move
-1|(-32.82979, 1.93652, 137.921)|move
-1|(-32.82201, 1.93652, 137.8414)|move
-1|(-32.81422, 1.93652, 137.7618)|move
-1|(-32.80644, 1.93652, 137.6821)|move
-1|(-32.79866, 1.93652, 137.6025)|move
-1|(-32.79087, 1.93652, 137.5229)|move
-1|(-32.78309, 1.93652, 137.4433)|move
-1|(-32.7753, 1.93652, 137.3637)|move
-1|(-32.76752, 1.93652, 137.284)|move
-1|(-32.75974, 1.93652, 137.2044)|move
-1|(-32.75195, 1.93652, 137.1248)|move
-1|(-32.74417, 1.93652, 137.0452)|move
-1|(-32.73639, 1.93652, 136.9656)|move
-1|(-32.7286, 1.93652, 136.8859)|move
-1|(-32.72082, 1.93652, 136.8063)|move
-1|(-32.71303, 1.93652, 136.7267)|move
-1|(-32.70525, 1.93652, 136.6471)|move
-1|(-32.69746, 1.93652, 136.5675)|move
-1|(-32.68968, 1.93652, 136.4878)|move
-1|(-32.6819, 1.93652, 136.4082)|move
-1|(-32.67411, 1.93652, 136.3286)|move
-1|(-32.66633, 1.93652, 136.249)|move
-1|(-32.65855, 1.93652, 136.1694)|move
-1|(-32.65076, 1.93652, 136.0897)|move
-1|(-32.64298, 1.93652, 136.0101)|move
-1|(-32.63519, 1.93652, 135.9305)|move
-1|(-32.62741, 1.93652, 135.8509)|move
-1|(-32.61963, 1.93652, 135.7713)|move
-1|(-32.61184, 1.93652, 135.6916)|move
-1|(-32.60406, 1.93652, 135.612)|move
-1|(-32.59628, 1.93652, 135.5324)|move
-1|(-32.58849, 1.93652, 135.4528)|move
-1|(-32.58071, 1.93652, 135.3732)|move
-1|(-32.57292, 1.93652, 135.2935)|move
-1|(-32.56514, 1.93652, 135.2139)|move
-1|(-32.55735, 1.93652, 135.1343)|move
-1|(-32.54957, 1.93652, 135.0547)|move
-1|(-32.54179, 1.93652, 134.9751)|move
-1|(-32.534, 1.93652, 134.8954)|move
-1|(-32.52622, 1.93652, 134.8158)|move
-1|(-32.51844, 1.93652, 134.7362)|move
-1|(-32.51065, 1.93652, 134.6566)|move
-1|(-32.50287, 1.93652, 134.577)|move
-1|(-32.49508, 1.93652, 134.4973)|move
-1|(-32.4873, 1.93652, 134.4177)|move
-1|(-32.47952, 1.93652, 134.3381)|move
-1|(-32.47173, 1.93652, 134.2585)|move
-1|(-32.46395, 1.93652, 134.1788)|move
-1|(-32.45617, 1.93652, 134.0992)|move
-1|(-32.44838, 1.93652, 134.0196)|move
-1|(-32.4406, 1.93652, 133.94)|move
990|(-32.43628, 1.93652, 133.8959)|move
